1111111111111111111111111111111111
1,0,1,0.737894,1,-0.135802,1,-0.43704,1,-0.323005,1,-0.400776,1,-0.34312,1,-0.0898054,1,-0.101589,1,-0.0650364,1,0.159094,1,-0.0300146,1,-0.063366,1,-0.0459102,1,-0.0686101,1,-0.0311776,1,-0.0265728,0
1,0,0.25316,0.601987,0.0424483,0.432099,0,-0.43704,0.249368,0.338497,0.468751,0.248189,0.465789,0.32844,0.494055,0.455097,0.485372,0.449206,0.449463,0.467482,0.483803,0.835229,0.380223,0.658401,0.445293,0.658107,0.445677,-0.0459102,0.387675,0.465695,0.301645,-0.0311776,0.478903,0.486714,0
1,0,1,0.419954,1,0.327673,1,0.0851805,1,0.0533436,1,0.0100085,0.979871,-0.0199252,0.953003,0.133512,0.944574,0.0830708,0.834156,0.0894098,0.847311,0.0892374,0.80932,0.0701852,0.778213,-0.00556141,0.690118,0.0246887,0.63446,0.0186152,0.485548,0.0250576,0.59873,0.0290777,1
1,0,1,-0.2428,0.0424483,0.432099,0.829818,-0.431759,0.856494,0.703296,0.184128,-0.364727,0.465789,0.32844,0.494055,0.455097,0.856208,0.0239596,0.854267,0.146405,0.479855,0.48346,0.578459,-0.0300146,-0.00508572,-0.063366,-0.17404,-0.0459102,1,-0.0686101,1,-0.0311776,0.478903,0.486714,0
1,0,0.88208,0.287634,0.936878,0.369306,0.939053,0.163284,0.912229,0.225804,0.933666,0.0768256,0.921305,0.117147,0.909517,0.259346,0.900579,0.263963,0.863704,0.217081,0.846843,0.239896,0.825171,0.227051,0.805501,0.212652,0.746431,0.19136,0.694934,0.145892,0.605423,0.188582,0.698749,0.188566,1
1,0,0.99449,0.381869,0.847577,0.367852,0.90925,0.16342,0.992951,0.297107,0.979786,0.247111,0.921049,0.348358,0.935042,0.341496,0.96851,0.377729,0.99063,0.419901,0.947341,0.483848,0.937175,0.4547,0.966671,0.362661,0.927086,0.383927,0.965061,0.377102,0.852778,0.351693,0.87799,0.344051,1
1,0,1,0.0979699,1,1,0.777936,-0.43704,0.249368,0.338497,0.425086,0.299612,0.465789,0.32844,-0.0118897,0.534195,0.763755,0.232578,-0.101073,0.177435,0.115883,1,0.483519,0.484993,1,0.950527,0.715959,1,1,0.358305,0.44593,1,0.310162,1,0
1,0,1,0.410596,0.9939,0.489588,0.970236,0.387505,0.966319,0.163226,0.804679,0.682731,0.895434,0.49823,0.867346,0.604292,0.829015,0.607361,0.777666,0.623531,0.7529,0.63429,0.718941,0.631646,0.693564,0.613073,0.606286,0.610676,0.555336,0.59162,0.421662,0.594634,0.573149,0.584664,1
1,0,1,0.344243,1,-0.135802,0.614257,0.201645,0.520428,0.191498,1,0.119528,0.554826,0.253823,1,0.266234,1,0.235206,1,0.239234,0.479855,0.354326,1,0.225774,1,0.320626,1,0.178479,1,0.317276,1,0.158786,1,0.148278,0
1,0,-1,0.553245,0.255235,0.517471,-0.355447,-0.228554,0.0187808,0.809765,-0.149828,1,0.0293442,0.556683,0.0939287,0.440854,-0.0191648,-0.00799204,0.11842,0.178601,0.456058,0.0546964,0.969621,0.000278113,-0.00508572,0.238965,0.849635,0.525031,-0.22465,0.493634,0.390901,0.497889,0.269417,0.239099,0
1,0,0.83609,0.460718,0.733523,0.466508,0.736376,0.341225,0.428679,0.424235,0.677111,0.442001,0.729785,0.413634,0.72045,0.528697,0.636425,0.4653,0.714591,0.551385,0.650644,0.558958,0.635855,0.560379,0.630309,0.54557,0.551758,0.551901,0.549506,0.551916,0.394376,0.554696,0.565692,0.554457,1
1,0,0.4709,0.519975,0.447761,0.622902,0.426485,0.623632,0.263269,0.665749,0.412921,0.677597,0.283479,0.538081,0.285252,0.632409,0.21989,0.487089,0.174195,0.405497,0.402795,0.408304,0.407002,0.288801,0.380465,0.469726,0.43396,0.311064,0.484869,0.349788,0.439861,0.358922,0.61814,0.508441,1
1,0,0.50112,0.356255,0.627742,0.439754,0.682734,0.292782,0.69131,0.35485,0.808795,0.296467,0.848738,0.296749,0.830594,0.459996,0.780269,0.462821,0.805765,0.42799,0.775578,0.556587,0.78064,0.466473,0.731225,0.494603,0.745163,0.481354,0.679387,0.446481,0.661577,0.538868,0.795074,0.445189,1
0,0,0,0.3786,1,1,0.228514,0.28148,1,1,0.425086,0.299612,1,-0.34312,0.494055,0.455097,0.485372,0.449206,0.449463,0.467482,0.479855,0.48346,0.483519,0.484993,0.497457,0.468317,1,-0.0459102,0.387675,0.465695,-0.49108,1,0.478903,0.486714,0
1,0,0.34694,0.505415,0.491913,0.571178,0.543404,0.428116,0.601707,0.635499,0.601079,0.71413,0.531203,0.698483,0.494055,0.733107,0.453866,0.752704,0.33711,0.76091,0.331244,0.715376,0.335955,0.653158,0.18978,0.587674,0.139552,0.554939,0.0252768,0.563831,-0.0041974,0.484411,0.340651,0.36101,1
1,0,0.88085,0.597532,0.697308,0.801961,0.497115,0.854744,0.293144,0.93942,0.253853,0.905378,0.131186,0.795779,0.103941,0.669293,0.0438051,0.495517,0,0.339587,0.14395,0.225077,0.278135,0.133052,0.441439,0.0667209,0.513014,0.103111,0.636738,0.157673,0.67663,0.294855,0.80597,0.418421,1
0,0,0,0.3786,-0.915103,-0.135802,1,1,-0.501265,1,-0.149828,1,1,-0.34312,1,1,-0.0292566,-0.101589,-0.101073,1,1,-0.0330792,-0.0329618,1,-0.00508572,1,1,-0.0459102,-0.22465,1,-0.49108,-0.0311776,1,-0.0265728,0
1,0,0.92308,0.474613,0.869763,0.601089,0.788474,0.545824,0.779224,0.714429,0.755368,0.738888,0.696942,0.829934,0.654465,0.82398,0.58381,0.872315,0.475262,0.873106,0.417104,0.881036,0.388079,0.852332,0.350257,0.817675,0.185228,0.783251,0.101113,0.733547,-0.141764,0.694421,0.185886,0.666851,1
1,0,0.93972,0.553102,0.813143,0.73207,0.677264,0.807085,0.511796,0.87108,0.487159,0.932784,0.358867,0.928378,0.293043,0.902806,0.18259,0.795474,0.0293766,0.682449,0.0571744,0.581024,0.0635323,0.46293,0.119178,0.325385,0.0417665,0.234195,0.103422,0.137386,0.0577197,0.119194,0.432333,0.120879,1
1,0,0,0.3786,1,-0.135802,0.228514,0.28148,0.249368,0.338497,1,1,1,0.158253,1,0.581994,1,-0.101589,0.449463,0.467482,0.479855,0.48346,1,1,0.497457,0.468317,1,-0.0459102,0.387675,0.465695,1,-0.0311776,0.478903,0.486714,0
0,0,0,0.3786,0.0424483,0.432099,0.228514,0.28148,0.249368,0.338497,0.425086,0.299612,0.465789,0.32844,0.494055,0.455097,0.485372,0.449206,0.449463,0.467482,0.479855,0.48346,0.483519,0.484993,0.497457,0.468317,1,1,0.387675,0.465695,0.25446,0.484411,0.478903,0.486714,0
1,0,-1,0.00776749,0.0424483,0.432099,-0.542972,0.74504,-0.404411,1,0.425086,0.299612,0.465789,0.32844,0.494055,0.455097,0.485372,0.449206,0.449463,0.467482,-0.0402904,-0.0330792,0.483519,0.484993,0.647411,0.592662,1,0.746958,0.387675,0.465695,0.25446,0.484411,0.478903,0.486714,0
1,0,0.94333,0.618299,0.504591,0.798588,0.394939,0.838434,-0.170544,0.767806,0.00151778,0.594111,0.0595164,0.32844,0.176797,0.285747,0.287801,0.106849,0.379011,0.0985159,0.739454,0.154838,0.852705,0.291041,0.86862,0.439159,0.765767,0.63594,0.666412,0.789014,0.274903,0.765299,0.366492,0.745703,1
1,0,0.96071,0.422645,1,0.456496,1,0.348396,0.926205,0.30447,0.938271,0.317682,0.91052,0.287193,0.936929,0.508667,0.879289,0.450748,0.8635,0.439285,0.822948,0.442628,0.814883,0.454458,0.777258,0.427351,0.753751,0.465514,0.69178,0.459011,0.636997,0.484334,0.75039,0.485779,1
0,0,0,0.3786,0.0424483,0.432099,0.228514,0.28148,0.249368,0.338497,0.425086,0.299612,0.465789,0.32844,0.494055,0.455097,0.485372,0.449206,0.449463,0.467482,0.479855,0.48346,0.483519,0.484993,0.497457,0.468317,1,-0.0459102,0.387675,0.465695,0.25446,0.484411,0.478903,0.486714,0
1,0,0.91241,0.405612,0.944376,0.445047,0.95915,0.319885,0.951824,0.347236,0.953495,0.344073,0.961355,0.409477,0.959767,0.488941,0.942871,0.519278,0.910505,0.544372,0.901084,0.544665,0.881421,0.558237,0.878159,0.528392,0.844733,0.546504,0.794179,0.547444,0.783234,0.539858,0.818961,0.545469,1
1,0,1,0.552878,1,0.446166,1,0.337266,1,0.367055,0.992883,0.532603,1,0.365302,1,0.478986,0.978128,0.313721,0.913957,0.421323,1,0.504897,0.999654,0.625981,1,0.260663,0.978949,0.465676,0.918849,0.590509,0.959577,0.370873,0.897631,0.449095,1
1,0,0.33333,0.22325,0.468023,0.558298,0.528537,0.401236,0.562134,0.430374,0.712543,0.221792,0.75913,0.27174,0.789188,0.63673,0.771279,0.464507,0.587098,0.363939,0.725478,0.454761,0.756107,0.470686,0.692891,0.512622,0.656846,0.402492,0.506736,0.391485,0.529743,0.408058,0.522326,0.23007,1
1,0,0.87578,0.40176,0.903776,0.434047,0.916757,0.285145,0.897426,0.338497,0.971433,0.351812,0.930665,0.335115,0.930701,0.461369,0.916893,0.414996,0.92135,0.48071,0.917723,0.491741,0.914708,0.494,0.896994,0.445199,0.894988,0.487677,0.889708,0.512158,0.856536,0.496311,0.896239,0.499243,1
1,0,0.94531,0.356752,-0.915103,0.243539,-0.542972,0.27025,0.979478,0.34625,0.96182,0.285933,-0.0684217,0.438616,-0.0118897,0.452967,0.975879,0.42984,0.956992,0.452923,-0.0362281,0.543994,0.00133769,0.66404,0.978406,0.466238,0.894577,0.548993,0.9402,0.430212,-0.49108,0.387738,-0.0421932,0.310271,0
1,0,0.95704,0.303442,0.648751,0.360032,0.971956,0.150408,0.977676,0.394461,0.954024,0.29174,0.912085,0.162437,1,0.284025,0.996259,0.332349,0.992722,0.355557,1,0.343142,0.964497,0.281781,1,0.366058,0.934213,0.311974,0.886279,0.338915,0.918699,0.32016,0.841227,0.273325,1
1,0,0.99025,0.342652,0.998018,0.358221,0.989685,0.141872,0.995301,0.167545,0.95825,0.0885851,0.960741,0.0734821,0.948454,0.216452,0.922404,0.16244,0.930814,0.163547,0.890853,0.174368,0.869459,0.152221,0.840603,0.104226,0.795993,0.0943777,0.761254,0.0630801,0.662658,0.0705068,0.735257,0.0594283,1
1,0,1,0.0230104,0.991861,0.0154242,0.919133,-0.418717,1,0.10156,1,0.136919,0.801754,-0.251801,1,0.141588,1,0.010757,0.872116,-0.00620382,0.98232,-0.0330792,0.845676,0.0992728,0.808762,0.0594315,0.728662,0.0692131,0.883781,-0.0686101,1,-0.0311776,0.637551,0.096041,1
1,0,0.92436,0.608046,0.731656,0.820657,0.454583,0.957449,0.165987,0.844725,0.243384,0.947142,0.109919,0.857401,0.0278522,0.685667,0,0.501999,-0.101073,0.484474,0.134317,0.141108,0.245886,0.0823909,0.429684,0,0.529005,0.0318166,0.687126,0.0903617,0.775488,0.246993,0.875281,0.418991,1
1,0,1,0.661058,1,0.173959,1,0.346801,1,0.27836,1,0.299612,1,0.145285,1,0.356023,1,0.499278,1,0.467482,1,0.295626,1,0.531812,1,0.419982,1,0.451347,1,0.708563,1,0.343795,1,0.393388,1
1,0,0.88853,0.388735,0.923463,0.43951,0.941691,0.291245,0.918774,0.270872,0.943101,0.240583,0.962819,0.321503,0.965059,0.406503,0.928081,0.421352,0.941924,0.446053,0.939757,0.420825,0.942707,0.42366,0.914467,0.393148,0.920476,0.415294,0.911433,0.395963,0.877165,0.42021,0.931142,0.423913,1
1,0,0.32789,0.447215,0.195369,0.598539,0.336676,0.81667,0.0607262,0.947033,0.330208,0.486363,0.125422,0.495423,0,0.453261,0.365839,0.339548,0.281429,0.207155,0.404819,0.0186213,0.531784,0.336073,0.639712,0.369637,0.645434,0.416916,0.577526,0.495691,0.414326,0.590313,0.548605,0.622334,1
1,0,0.84843,0.420818,0.813871,0.419043,0.822797,0.257776,0.750227,0.294706,0.767631,0.24592,0.825099,0.289684,0.819175,0.420016,0.687101,0.474157,0.841743,0.474905,0.77098,0.441936,0.759475,0.441459,0.733843,0.346976,0.698618,0.42931,0.709838,0.420081,0.584563,0.434806,0.698926,0.43637,1
1,0,0.42708,0.0679003,0.0424483,0.432099,0.228514,0.28148,0.598096,0.676142,0.764044,0.314201,0.465789,0.32844,0.494055,0.455097,0.570069,0.199052,0.775199,0.369855,0.479855,0.48346,0.483519,0.484993,0.993718,0.251215,-0.17404,-0.0459102,0.216732,0.0616267,0.25446,0.484411,0.478903,0.486714,0
1,0,0.95113,0.381204,0.953875,0.416635,0.949375,0.267685,0.959391,0.349121,0.979935,0.322592,0.968861,0.377665,0.972805,0.447872,0.985451,0.449977,0.971559,0.499635,0.961873,0.526912,0.964487,0.536941,0.972461,0.475553,0.961973,0.5028,0.958111,0.509337,0.95576,0.484231,0.955618,0.5109,1
1,0,0.8811,0.3786,0.95037,0.416516,0.950609,0.272714,0.926768,0.350596,0.943911,0.312422,0.967424,0.334585,0.978406,0.456759,1,0.46432,0.968107,0.460985,0.952428,0.496059,0.955908,0.513256,0.998467,0.494253,0.939337,0.488686,0.943997,0.470584,1,0.512707,0.98729,0.480451,1
1,0,0,0.3786,-0.915103,0.0756501,1,0.648385,0.309261,0.183679,-0.149828,0.0462816,0.533987,-0.0680694,1,-0.0898054,0.485372,0.449206,0.906293,0.424992,0.349818,1,0.571429,0.120651,0.497457,0.468317,0.300572,0.232255,0.250882,0.204227,0.809649,0.950638,0.126887,0.721516,0
1,0,0.90374,0.368633,1,0.47765,1,0.293005,0.947816,0.342037,0.963108,0.288378,1,0.32844,1,0.490064,1,0.475715,0.952896,0.490263,0.983309,0.494509,0.994474,0.476732,0.98119,0.496751,0.982237,0.500327,0.92469,0.471412,1,0.531283,0.988854,0.519651,1
1,0,0.84177,0.648661,0.521224,0.864612,0.305015,0.953009,-0.0341012,0.92185,0.00906065,0.728116,-0.0357387,0.458783,0.0553554,0.316,0.16183,0.0878186,0.311251,0.0113586,0.564352,0.036664,0.749388,0.140566,0.873837,0.314645,0.870486,0.518531,0.78039,0.694522,0.488821,0.806381,0.476704,0.842981,1
1,0,0.76046,0.385386,0.869151,0.433564,0.890611,0.284239,0.849783,0.353738,0.893664,0.384135,0.909697,0.333436,0.907994,0.459751,0.911366,0.410793,0.870795,0.488149,0.880257,0.48939,0.871246,0.491338,0.885109,0.466706,0.829095,0.484236,0.792795,0.470231,0.748738,0.492063,0.811816,0.494541,1
1,0,0.94598,0.361916,-0.915103,0.580497,-0.0522527,0.537553,0.769241,-0.0810738,1,0.276128,0.310761,0.324746,0.216534,0.539296,0.958423,0.194353,1,0.198965,0.32519,0.320988,0.102026,0.677405,0.91895,0.21984,0.719451,0.173051,1,0.137669,0.182635,0.589988,0.447028,0.701847,0
1,0,0.82254,0.331548,0.812914,0.433411,0.903672,0.272757,0.901074,0.288792,0.843807,0.217428,0.91786,0.362213,0.914602,0.41478,0.870303,0.486136,0.880666,0.501339,0.931148,0.471218,0.890733,0.45403,0.871605,0.455716,0.863324,0.462763,0.841077,0.424927,0.77677,0.462653,0.887646,0.492945,1
1,0,1,0.0417394,1,-0.135802,1,-0.43704,1,0.578074,1,0.0116194,1,1,1,-0.0898054,1,0.287526,1,-0.0309499,1,1,1,1,1,0.250922,1,0.148917,1,-0.0686101,1,-0.0311776,1,-0.0265728,0
1,0,0.93658,0.596755,0.763044,0.804869,0.580088,0.917916,0.364387,0.972058,0.299898,0.974093,0.163773,0.888501,0.0956185,0.771386,0.00623215,0.592522,-0.0660644,0.433305,0.0271828,0.271943,0.147399,0.137548,0.312526,0.016647,0.386106,0,0.555023,0.00746425,0.663217,0.125494,0.86883,0.25998,1
1,0,0,0.3786,1,0.72584,0.228514,0.28148,0.33187,-0.323005,0.425086,0.299612,0.465789,0.32844,-0.0118897,0.332963,0.198667,-0.00958935,0.873046,0.803751,0.479855,0.48346,0.759568,0.668685,0.0436509,0.70666,1,-0.0459102,-0.22465,0.901544,0.25446,0.484411,0.478903,0.486714,0
1,0,1,0.229147,1,0.317082,0.902345,0.208716,0.914488,0.346872,1,0.3794,0.959427,0.370943,0.923147,0.434407,0.811085,0.247015,0.930313,0.46074,0.96708,0.516152,1,0.615372,0.809159,0.26641,0.909816,0.448073,1,0.431879,0.650826,0.497466,0.914248,0.473717,1
1,0,1,0.143475,0.663564,0.600936,0.728938,0.106707,0.89856,0.463647,1,0.110318,0.740112,0.32844,0.808561,0.425645,0.652276,0.330113,0.84493,0.373407,0.803187,0.511379,0.874371,0.554591,0.674026,0.310248,0.771244,0.361142,0.74575,0.342661,0.798503,0.177847,0.746492,0.361862,1
1,0,1,1,1,-0.135802,1,-0.43704,1,1,1,1,1,1,1,-0.0898054,1,1,1,1,1,1,1,1,1,1,1,0.738522,0.387675,0.465695,1,-0.0311776,1,-0.0265728,0
1,0,0.7381,0.896431,-0.68711,0.296882,0.485674,0.178832,0.588939,0.243995,0.0382548,0.389318,0.643858,0.32844,0.638609,0.416175,0.288712,0.731009,0.580546,0.480161,0.715158,0.508058,0.569601,0.350112,0.209726,0.413905,0.559084,0.209925,1,0.465695,-0.242569,0.459859,0.615379,0.498935,0
1,0,0.29073,0.440896,0.265634,0.530306,0.257514,0.528191,0.339669,0.512578,0.46111,0.448816,0.440548,0.414178,0.462014,0.498183,0.452806,0.471772,0.419564,0.47498,0.458186,0.482014,0.468665,0.478936,0.488638,0.460315,0.407779,0.469331,0.385961,0.459016,0.255176,0.479523,0.480415,0.483393,1
1,0,0.7479,0.38382,0.840204,0.44152,0.866055,0.29922,0.899077,0.349617,0.772932,0.340809,0.888312,0.360211,0.885864,0.48456,0.818367,0.555663,0.912101,0.489858,0.85064,0.520248,0.839349,0.524015,0.83108,0.512994,0.787076,0.520429,0.763306,0.474677,0.688267,0.529561,0.767226,0.53235,1
1,0,0.46785,0.448868,0.607212,0.435875,0.656164,0.330871,0.608875,0.246092,0.72975,0.308927,0.806925,0.219741,0.837334,0.436974,0.766076,0.374711,0.741209,0.442688,0.728973,0.382673,0.745767,0.415338,0.705826,0.361039,0.72956,0.41714,0.754256,0.450296,0.654509,0.423819,0.77238,0.463949,1
1,0,0.82624,0.429282,0.799661,0.385781,0.926138,0.268741,0.946765,0.345536,0.885834,0.361701,0.971585,0.323679,0.971293,0.455097,0.965324,0.560538,0.972666,0.463706,0.95573,0.487123,0.899266,0.521517,0.95545,0.553158,0.938521,0.519744,0.863207,0.501696,0.94448,0.577655,0.961194,0.486714,1
0,0,-1,-0.2428,0.0424483,0.432099,0.228514,0.28148,0.249368,0.338497,0.425086,0.299612,0.465789,0.32844,1,-0.0898054,0.485372,0.449206,-0.101073,-0.0650364,0.479855,0.48346,1,1,1,-0.063366,1,-0.0459102,0.387675,0.465695,0.25446,0.484411,0.478903,0.486714,0
1,0,0.92277,0.427094,0.929898,0.524388,0.920552,0.458365,0.880732,0.571327,0.878124,0.595148,0.843562,0.643959,0.852244,0.762837,0.796511,0.802816,0.731597,0.813214,0.687408,0.829413,0.660321,0.836964,0.616525,0.873172,0.523134,0.86343,0.447034,0.845255,0.274851,0.881786,0.45794,0.843494,1
1,0,0.62121,-0.0168337,0.0424483,0.432099,0.228514,0.28148,0.508111,0.528931,0.671166,0.575523,0.425317,0.676939,0.678037,0.626409,0.208563,0.63072,0.516194,0.388813,0.489706,0.207582,0.18615,0.576679,0.644034,0.323311,0.564185,0.175948,0.652089,0.595221,0.390014,0.472692,0.567724,0.272843,0
1,0,1,1,1,-0.135802,0.228514,0.28148,0.249368,0.338497,1,1,1,-0.34312,1,1,1,-0.101589,0.449463,0.467482,0.479855,0.48346,1,0.341934,0.497457,0.468317,1,-0.0459102,1,1,1,-0.0311776,0.478903,0.486714,0
1,0,0.74704,0.296321,0.55718,0.528619,0.789593,0.349639,0.771545,0.265289,0.809117,0.134895,0.935601,0.199702,0.867012,0.477711,0.809809,0.44703,0.799803,0.404336,0.892065,0.352797,0.826478,0.337412,0.835136,0.412629,0.776034,0.414076,0.755554,0.353763,0.534403,0.520074,0.797122,0.479615,1
0,0,1,-0.2428,1,1,1,-0.43704,1,1,1,-0.400776,1,-0.34312,1,-0.0898054,1,1,1,1,1,1,1,-0.0300146,1,1,1,1,1,1,1,1,1,-0.0265728,0
1,0,0.98455,0.361599,0.981404,0.408792,1,0.226621,0.990392,0.348129,0.972853,0.281374,0.991987,0.278355,0.996873,0.416142,0.986599,0.396704,0.984937,0.402387,0.996328,0.456332,0.975612,0.439085,0.986693,0.423969,0.980352,0.409521,0.960009,0.385998,0.978618,0.40318,0.98321,0.390216,1
0,0,1,1,1,-0.135802,1,1,-0.501265,1,0.425086,0.299612,1,1,0.494055,0.455097,0.485372,0.449206,-0.101073,1,-0.0402904,1,1,1,1,-0.063366,1,1,1,1,1,-0.0311776,-0.0421932,1,0
1,0,0.29202,0.462999,0.476516,0.527552,0.628013,0.277823,0.64444,0.476639,0.726697,0.183081,0.718834,0.296514,0.774946,0.476376,0.905638,0.325767,0.683139,0.444882,0.661776,0.51766,0.629079,0.377444,0.757428,0.451431,0.708656,0.459521,0.599754,0.518308,0.782287,0.47478,0.685044,0.470155,1
1,0,0.47938,0.301727,0.452127,0.361844,0.769349,0,0.7988,0.386232,0.576225,0.147985,0.730143,0.435748,0.723557,0.390494,0.702895,0.483278,0.724732,0.321998,0.764057,0.579315,0.701825,0.527465,0.852348,0.572463,0.726425,0.411953,0.482365,0.325231,0.608018,0.505674,0.715278,0.222135,1
1,0,0.97714,0.496971,0.834181,0.694804,0.782217,0.703481,0.609431,0.895999,0.605661,0.948472,0.520754,0.959337,0.426997,0.914396,0.320588,0.953865,0.162386,0.890967,0.124731,0.739189,0.0837216,0.657711,0.0684061,0.563217,-0.0760895,0.469943,-0.116672,0.362462,-0.247206,0.310854,0.166542,0.23161,1
1,0,0.06404,0.283706,0,0.465668,0.293118,0.263783,0.238273,0.462324,0.461903,0.299612,0.531577,0.262278,0.523962,0.455097,0.49551,0.432924,0.378951,0.357304,0.515729,0.491095,0.519141,0.500216,0.537068,0.554747,0.577809,0.451284,0.351481,0.415684,0.28751,0.512351,0.517407,0.431089,0
1,0,0.96087,0.432165,0.968975,0.541585,0.969341,0.478721,0.985318,0.570367,0.958991,0.623759,0.926626,0.681123,0.913079,0.775467,0.862296,0.829612,0.82935,0.856966,0.763193,0.838943,0.733181,0.877413,0.701565,0.865426,0.609051,0.91526,0.540413,0.925523,0.357017,0.932123,0.526052,0.929603,1
1,0,0.58459,0.157842,1,0.632784,0.810029,0.277428,0.868782,0.466571,0.713624,0.106081,0.818245,0.371359,0.846886,0.534991,0.857798,0.214187,0.868576,0.491504,0.82792,0.589294,0.921361,0.273958,0.823356,0.443333,0.746619,0.421763,0.711105,0.394387,0.370779,0.421417,0.712183,0.433799,1
1,0,0.01975,0.382981,0.0816121,0.427294,0.244839,0.289585,0.257835,0.367418,0.426707,0.3006,0.47634,0.307601,0.484063,0.488146,0.464323,0.463967,0.436262,0.465229,0.502596,0.470345,0.492991,0.484993,0.497457,0.46157,0.423746,0.471146,0.391129,0.457408,0.241838,0.472047,0.482577,0.486714,0
1,0,0.90116,0.481796,0.801777,0.644375,0.791622,0.644441,0.698126,0.821374,0.67979,0.867991,0.596201,0.916008,0.526628,0.918472,0.420472,0.930578,0.291245,0.891457,0.237285,0.823984,0.188428,0.762092,0.154929,0.68073,-0.00875833,0.61215,-0.0554582,0.525633,-0.278414,0.455925,0.126126,0.384549,1
1,0,1,0.3786,1,0.432099,0.742841,0.361315,1,0.264998,0.936121,0.221792,1,0.179206,0.887569,0.455097,0.885639,0.449206,1,0.408314,0.884413,0.426068,0.827841,0.42777,0.832487,0.468317,0.943335,0.449056,1,0.525062,0.917163,0.427124,1,0.486714,1
0,0,1,1,1,-0.135802,0.228514,0.28148,0.249368,0.338497,-0.149828,-0.400776,0.465789,0.32844,0.494055,0.455097,-0.0292566,1,1,1,-0.0402904,1,-0.0329618,1,1,-0.063366,1,1,-0.22465,1,1,1,0.478903,0.486714,0
1,0,0.31034,0.314316,0.273582,0.37335,0.388135,0.231924,0.304952,0.302571,0.446064,0.273775,0.474908,0.312437,0.497804,0.447022,0.486818,0.444287,0.449893,0.464697,0.479839,0.481916,0.483374,0.484138,0.497301,0.467838,0.412833,0.476794,0.387565,0.465567,0.254371,0.484349,0.478862,0.486683,1
0,0,1,1,1,-0.135802,0.228514,0.28148,0.249368,0.338497,1,1,1,1,-0.0118897,-0.0898054,1,-0.101589,-0.101073,1,0.479855,0.48346,1,-0.0300146,1,-0.063366,1,1,-0.22465,-0.0686101,0.25446,0.484411,0.478903,0.486714,0
1,0,1,0.421123,1,0.512803,1,0.440331,1,0.25581,1,0.57623,1,0.657377,1,0.776514,0.292386,1,1,0.467482,1,0.958682,1,1,1,1,1,1,1,0.599271,1,1,1,1,1
1,0,-0.00641,0.0679003,0.0424483,0.432099,0.213678,1,0.249368,0.338497,0.425086,0.299612,0.465789,0.32844,0.494055,0.455097,0.485372,0.449206,0.622387,0.962452,0.296472,0.867554,0.304739,0.0690264,0.497457,0.468317,0.0517399,0.208863,0.387675,0.465695,0.25446,0.484411,0.478903,0.486714,0
1,0,0.83367,0.574068,0.670037,0.759613,0.498241,0.789308,0.379174,0.860734,0.31599,0.859124,0.242868,0.775303,0.147883,0.715256,0.100816,0.556567,0.0520862,0.441458,0.157209,0.337822,0.229591,0.209654,0.363896,0.117332,0.403999,0.112514,0.526722,0.121453,0.575788,0.220399,0.815855,0.332343,1
1,0,0.75564,0.687051,0.842483,0.740475,0.652183,0.799267,0.513778,0.806788,0.502521,0.963223,0.41334,0.958216,0.3038,0.903133,0.213946,0.841156,0.0731278,0.829536,0.114905,0.612368,0.07474,0.500417,0,0.313603,0,0.305557,0,0.363189,0,0.172717,0.376722,0.163569,1
1,0,1,0.428393,0.969119,0.429362,0.97441,0.276292,0.909774,0.312547,1,0.30955,0.979625,0.318796,0.979494,0.445992,0.992265,0.454725,0.951289,0.420365,0.974076,0.471249,0.972296,0.471649,0.990773,0.478967,0.96344,0.461178,1,0.434475,0.946127,0.466551,0.95949,0.467861,1
0,0,-1,1,0.0424483,0.432099,0.228514,0.28148,-0.501265,1,1,1,0.465789,0.32844,0.494055,0.455097,1,-0.101589,-0.101073,1,1,1,0.483519,0.484993,-0.00508572,-0.063366,1,-0.0459102,1,1,-0.49108,1,0.478903,0.486714,0
1,0,0.89706,0.616192,0.915506,0.645062,0.801458,0.767537,0.591566,0.854079,0.534998,0.922754,0.454004,0.906176,0.389891,0.903841,0.292386,0.821801,0.174195,0.721994,0.0973972,0.680959,0.0391957,0.530437,0.124244,0.401857,0.014247,0.350851,0.0499963,0.23783,-0.0744571,0.222827,0.329474,0.196101,1
1,0,0.91353,0.885575,-0.656306,1,-0.0759605,0.681947,0.289939,0.535162,0.318158,0.227885,0.448919,0.268201,0.501143,0.436554,0.491074,0.446248,0.451346,0.467998,0.480104,0.483848,0.483504,0.485091,0.497442,0.468328,0.412974,0.477045,0.387675,0.465695,0.25446,0.484411,0.478903,0.486714,0
1,0,1,0.120987,1,0.864448,0.90017,0.415075,1,0.272843,0.964608,0.635728,0.815441,0.220453,1,0.459887,0.987716,0.173115,0.89003,0.337031,0.937921,0.384827,1,0.421585,0.967802,0.52509,0.958263,0.439136,1,0.319365,0.582274,0.58675,0.746653,0.458986,1
1,0,0,0.3786,-0.915103,-0.135802,-0.542972,1,0.249368,0.338497,-0.149828,1,1,1,1,-0.0898054,0.485372,0.449206,0.449463,0.467482,-0.0402904,-0.0330792,-0.0329618,1,1,0.700928,1,-0.0459102,0.387675,0.465695,-0.49108,-0.0311776,-0.0421932,1,0
1,0,1,0.35769,1,0.434853,1,0.194812,0.917168,0.346422,0.845245,0.337055,0.922235,0.333994,0.770255,0.456727,0.916502,0.374055,0.865311,0.422005,0.84857,0.341402,0.707594,0.422873,0.78656,0.254474,0.759228,0.361236,0.651587,0.372913,0.705035,0.359742,0.770952,0.290443,1
1,0,1,0.479236,1,0.400535,1,0.291345,1,0.256789,1,0.289029,1,0.316815,1,0.420365,1,0.409785,1,0.4989,1,0.431249,1,0.471165,1,0.346147,1,0.441364,1,0.510037,1,0.411229,1,0.44853,1
1,0,0.39179,0.339185,0.975716,0.456678,1,1,0.518252,0.439701,0.738288,0.391083,0.794687,-0.222844,0.786673,0.825141,0.829097,0.391659,0.706245,0.405885,0.820935,0.559867,0.913278,0.719434,0.733728,0.555609,0.702434,0.553553,0.586454,0.451739,0.5461,0.554124,0.658218,0.552183,0
1,0,0.92657,0.404537,0.897216,0.521634,0.892748,0.423682,0.877459,0.580118,0.888576,0.581154,0.87297,0.600771,0.830944,0.718612,0.794668,0.734253,0.743406,0.74535,0.731787,0.763487,0.703261,0.771769,0.665005,0.762199,0.571346,0.76056,0.524266,0.75127,0.361162,0.737689,0.53921,0.725756,1
1,0,1,0.337563,1,0.789519,1,0.350149,1,0.47265,1,-0.400776,1,0.0560618,1,0.368725,1,0.476167,1,0.139781,1,0.3462,1,-0.0300146,1,0.159718,1,0.0515058,1,-0.0686101,1,0.0793904,1,0.239043,1
1,0,0.94653,0.557023,0.73719,0.814001,0.595464,0.873936,0.258878,0.927956,0.282099,0.891265,0.21127,0.705044,0.110139,0.682556,0.143375,0.488907,0.0892695,0.363508,0.206909,0.256183,0.32418,0.20128,0.476757,0.123829,0.507402,0.181994,0.612717,0.241816,0.597848,0.368223,0.741411,0.456019,1
1,0,0.99539,0.342006,0.858694,0.445195,0.871918,0.0105407,1,0.36337,0.91516,0.175258,0.785007,0.0266072,0.800334,0.246819,0.919492,0.236919,0.769942,0.296054,0.776187,0.330182,0.674338,0.241101,0.782957,0.196249,0.654116,0.235607,0.517892,0.28355,0.569578,0.203482,0.576041,0.254195,1
1,0,0.80627,0.459811,0.742045,0.570229,0.72701,0.418272,0.526524,0.63999,0.682607,0.624865,0.599342,0.713298,0.621513,0.657338,0.563672,0.734941,0.395467,0.77368,0.461847,0.704978,0.43778,0.71378,0.422362,0.681022,0.295928,0.659954,0.241746,0.623534,0.0558931,0.607616,0.354643,0.646623,1
0,0,1,1,0.0424483,0.432099,1,-0.43704,1,-0.323005,1,1,1,1,1,-0.0898054,1,1,1,1,1,-0.0330792,-0.0329618,-0.0300146,1,-0.063366,1,-0.0459102,1,1,0.25446,0.484411,1,-0.0265728,0
1,0,0.10135,0.44578,0.0424483,0.432099,0.228514,0.28148,0.660189,0.883787,0.603775,1,0.465789,0.32844,0.494055,0.455097,0.676618,-0.101589,0.631735,-0.0650364,0.479855,0.48346,0.483519,0.484993,0.283535,-0.063366,1,-0.0459102,0.726934,0.339337,0.25446,0.484411,0.478903,0.486714,0
1,0,0.7087,0.224599,0.658614,0.456791,0.577357,0.556393,0.738908,0.459294,0.712543,0.488416,0.774702,0.173692,0.749228,0.661212,0.684512,0.214518,0.648136,0.328564,0.62007,0.544097,0.758524,0.465191,0.654773,0.40359,0.706079,0.454746,0.683722,0.441929,0.7342,0.354395,0.741718,0.562593,1
1,0,0.36876,-0.2428,-0.915103,-0.135802,0.169411,1,1,0.967196,0.853955,0.0284918,-0.0684217,-0.204195,0.445095,1,0.735913,0.705336,0.624286,0.321247,0.40525,0.379181,0.421665,0.520502,0.512639,0.503615,0.433191,0.470843,0.385207,0.456761,0.248787,0.484968,0.478982,0.488382,0
1,0,0.64122,0.387318,0.369414,0.418248,0.635481,0.306384,0.395831,0.419168,0.674098,0.332915,0.583054,0.361199,0.642135,0.455097,0.673648,0.449206,0.624022,0.506446,0.619405,0.546452,0.605915,0.51493,0.60777,0.520188,0.526298,0.506545,0.494281,0.495103,0.39993,0.484411,0.56787,0.524271,1
1,0,0.65909,-0.0121298,0.0424483,0.432099,0.228514,0.28148,0.829404,1,1,0.103293,0.465789,0.32844,0.494055,0.455097,0.805064,0.324027,0.912415,-0.0650364,1,-0.0330792,0.483519,0.484993,0.497457,0.468317,1,-0.0142139,0.308814,-0.0321812,0.25446,0.484411,0.478903,0.486714,0
1,0,0.73523,0.140648,0.809936,0.490468,0.836646,0.391169,0.666569,0.37324,1,0.448269,0.850138,0.522883,0.842135,0.634507,0.740998,0.544422,0.80364,0.452332,0.778413,0.703134,0.757874,0.716087,0.972511,0.774295,0.67229,0.729109,0.46405,1,0.515921,0.740767,0.638296,0.742489,1
1,0,1,-0.2428,1,1,-0.542972,1,1,-0.323005,1,-0.400776,-0.0684217,-0.34312,-0.0118897,1,1,1,1,1,-0.0402904,1,1,-0.0300146,1,-0.063366,1,1,1,1,-0.49108,1,-0.0421932,1,0
1,0,0.45455,0.435092,0.651796,0.483727,0.438921,0.412121,0.72704,0.338497,0.634148,0.23594,0.708615,0.267388,0.740005,0.447779,0.812861,0.34906,0.69971,0.467482,0.669,0.436502,0.624379,0.578631,0.680202,0.419982,0.615162,0.467799,0.554674,0.465695,0.525568,0.484411,0.629943,0.47731,1
1,0,1,0.410105,1,0.493586,1,0.421577,1,0.526715,1,0.543529,1,0.585386,0.972552,0.688757,0.944039,0.726756,0.867354,0.780608,0.899321,0.793188,0.894524,0.808201,0.832367,0.808286,0.76177,0.840159,0.691009,0.854049,0.605065,0.854032,0.652851,0.872926,1
1,0,0.87111,0.405482,0.807973,0.536008,0.992355,0.491949,0.920846,0.283348,0.934448,0.285408,0.948962,0.148972,0.94642,0.563882,0.941559,0.423638,0.914402,0.462205,0.988983,0.307713,0.891301,0.355721,0.932966,0.419439,0.917623,0.461837,0.870028,0.443783,0.820586,0.596871,0.938709,0.5339,1
1,0,0.98002,0.379066,1,0.432099,0.992146,0.280941,0.960374,0.354334,0.986777,0.31453,0.988717,0.349077,0.995801,0.467837,0.968757,0.480673,0.964501,0.495593,0.988234,0.511994,1,0.517134,0.970626,0.511421,0.980681,0.514985,0.973676,0.50891,0.986506,0.526308,0.985654,0.530938,1
1,0,0.81143,0.401679,0.857737,0.431287,0.837988,0.28661,0.846653,0.310145,0.928544,0.299612,0.922919,0.283351,0.931338,0.456656,0.911777,0.419303,0.895398,0.404341,0.879623,0.439921,0.91884,0.459242,0.884415,0.431859,0.891977,0.43171,0.893278,0.409972,0.861546,0.458632,0.906948,0.408987,1
1,0,1,0.403941,1,0.500145,1,0.397586,1,0.523196,0.992543,0.515955,0.961243,0.581208,0.955062,0.671691,0.907053,0.702896,0.88229,0.717733,0.89285,0.774179,0.846765,0.784361,0.834548,0.785854,0.758752,0.795995,0.718037,0.791258,0.592279,0.812511,0.689645,0.808329,1
1,0,1,0.52878,1,0.708042,1,0.805806,1,1,1,1,1,1,1,0.87537,1,1,1,1,0.867197,1,0.946529,1,0.822241,1,0.637545,1,0.453923,1,0.12496,1,0.0548194,1,1
0,0,0,0.3786,0.0424483,0.432099,0.228514,0.28148,0.249368,0.338497,0.425086,0.299612,0.465789,0.32844,0.494055,0.455097,0.485372,0.449206,0.449463,0.467482,0.479855,0.48346,0.483519,0.484993,0.497457,0.468317,1,-0.0459102,0.387675,0.465695,0.25446,0.484411,0.478903,0.486714,0
0,0,-1,-0.2428,1,-0.135802,-0.542972,1,0.249368,0.338497,1,-0.400776,1,-0.34312,0.494055,0.455097,0.485372,0.449206,0.449463,0.467482,-0.0402904,1,1,-0.0300146,-0.00508572,1,1,1,0.387675,0.465695,1,0.742206,0.478903,0.486714,0
1,0,0.87032,0.670484,0.559,0.898692,0.308594,0.96605,-0.0361204,0.920064,0,0.70742,-0.0262137,0.440799,0.0770706,0.319188,0.17977,0.100322,0.317269,0.0261254,0.577762,0.0769489,0.749801,0.189224,0.845589,0.336231,0.818593,0.531871,0.71097,0.678145,0.448107,0.776095,0.443787,0.78212,1
1,0,1,1,1,1,0.930643,1,0.046922,1,-0.0529668,1,-0.0684217,1,-0.0118897,0.850293,-0.0292566,0.130962,-0.101073,0.243547,-0.0402904,-0.0330792,0.210621,-0.0300146,0.949816,-0.063366,1,-0.0459102,1,-0.0686101,1,0.305574,1,0.665568,1
1,0,0.76627,0.509753,0.654659,0.648537,0.601983,0.658703,0.361962,0.485834,0.504154,0.716798,0.424511,0.627586,0.494055,0.720116,0.343895,0.680616,0.140414,0.663544,0.289528,0.5809,0.274174,0.524071,0.304064,0.451149,0.213734,0.411749,0.219041,0.360362,0.105636,0.357329,0.416924,0.347007,1
1,0,0,0.3786,-0.279979,0.917018,0.228514,0.28148,0.766321,-0.323005,0.983201,0.519429,0.326638,-0.0692043,0.341052,0.812363,0.96992,0.539486,0.449463,0.467482,0.479855,0.48346,0.39033,-0.0300146,0.497457,0.468317,1,-0.0459102,0.387675,0.465695,0.287614,0.803463,0.478903,0.486714,0
1,0,0.61857,0.446022,0.71938,0.392715,0.771316,0.293537,0.806885,0.339979,0.833442,0.410077,0.84822,0.326936,0.897566,0.491061,0.915956,0.358022,0.827572,0.419236,0.805091,0.476528,0.798376,0.54548,0.855534,0.417765,0.822984,0.468296,0.775344,0.491395,0.842385,0.457884,0.818726,0.462599,1
1,0,1,0.327751,1,0.367778,0.994183,0.0673469,1,0.119706,0.980809,0.059512,0.924078,0.011027,0.959039,0.192618,0.861483,0.0899557,0.824549,0.129098,0.908715,0.0789273,0.78736,0.0998445,0.834327,-0.0436725,0.699193,0.0290345,0.619997,0.0174504,0.434262,0.0263311,0.631173,0.0267012,1
1,0,0.86889,0.334412,1,0.417935,1,0.231981,0.908258,0.339966,0.905461,0.254479,1,0.279503,1,0.346117,0.932527,0.47858,0.933936,0.447363,1,0.423924,1,0.388856,0.921824,0.487224,1,0.402984,0.891141,0.387328,1,0.403933,1,0.259728,1
1,0,0.98822,0.39219,0.933948,0.625753,0.875822,0.534557,0.810135,0.662012,0.848131,0.662966,0.760011,0.732578,0.712269,0.816024,0.649023,0.837202,0.6057,0.834243,0.518944,0.864129,0.516254,0.852111,0.414593,0.838974,0.315793,0.793485,0.288423,0.763864,-0.00436886,0.712276,0.304425,0.679016,1
1,0,0.79157,0.483312,0.0424483,0.432099,0.66472,0.330871,0.545627,1,0.645617,0.996897,0.45276,0.685811,0.614091,0.525172,0.471677,0.973132,0.168701,0.919707,0.4268,0.683893,0.263643,0.607178,0.0372585,0.897438,0.212536,0.938542,-0.22465,0.836508,-0.49108,0.550716,0.478903,0.486714,0
1,0,0,0.3786,0.989649,0.303168,0.374472,0.242644,0.249368,0.338497,0.961153,0.350719,1,0.194128,1,0.493388,1,0.386685,0.449463,0.467482,1,0.374569,1,0.270636,0.497457,0.468317,1,0.385172,0.387675,0.465695,1,0.350637,0.629599,0.406251,0
1,0,0.01667,0.157227,0.0424483,0.432099,0.228514,0.28148,0.249368,0.338497,0.425086,0.299612,0.465789,0.32844,0.556246,0.155401,0.602774,0.905335,1,0.242269,0.479855,0.48346,0.526557,-0.0300146,0.444062,0.379701,1,0.0761109,-0.22465,0.566433,0.25446,0.484411,1,0.346627,0
0,0,1,-0.2428,1,1,-0.542972,-0.43704,1,-0.323005,0.425086,0.299612,0.465789,0.32844,-0.0118897,1,1,-0.101589,1,-0.0650364,0.0897459,1,1,-0.0300146,1,-0.063366,1,-0.0459102,-0.22465,-0.0686101,0.25446,0.484411,1,-0.0265728,0
1,0,1,0.340185,1,0.448807,1,0.244613,1,0.327206,1,0.217484,0.91716,0.293505,0.966567,0.419145,0.84134,0.408563,0.811337,0.359024,0.973525,0.320451,0.901104,0.321972,0.924277,0.283089,0.83874,0.324478,0.835248,0.259581,0.659706,0.348894,0.813484,0.284032,1
1,0,0,0.3786,0.0424483,0.432099,1,1,-0.501265,-0.323005,0.425086,0.299612,1,0.253823,0.494055,0.455097,0.485372,0.449206,-0.101073,1,1,1,1,-0.0300146,0.497457,0.468317,1,-0.0459102,0.387675,0.465695,0.25446,0.484411,1,1,0
1,0,0.9287,0.584681,0.771796,0.78618,0.608895,0.886948,0.411444,0.968202,0.344851,0.973154,0.213631,0.889797,0.136114,0.811954,0.0352057,0.651623,-0.0560061,0.497276,0.0126395,0.348266,0.101483,0.206533,0.242381,0.0709637,0.28194,0.0266655,0.435498,0,0.523011,0.081958,0.788471,0.177356,1
1,0,0.88179,0.648853,0.612891,0.873103,0.380281,0.960747,0.0684427,0.950678,0.065615,0.798687,0.00400123,0.554433,0.026643,0.42601,0.0872758,0.202962,0.190987,0.0772258,0.426608,0.058777,0.619787,0.0855015,0.778801,0.171053,0.836497,0.349271,0.831476,0.516983,0.687895,0.685053,0.659979,0.782654,1
1,0,0.8941,0.462023,0.875528,0.611232,0.837186,0.593232,0.725178,0.735234,0.735557,0.797,0.677865,0.839907,0.616828,0.88842,0.532378,0.887627,0.39904,0.873585,0.37478,0.82916,0.327216,0.807439,0.293666,0.736758,0.141689,0.690165,0.07959,0.611304,-0.139356,0.58326,0.224567,0.517367,1
1,0,0.92247,0.25775,0.96571,0.331728,0.899892,0.11908,0.862649,0.159429,0.880826,0.0971368,0.84135,-0.00491583,0.81451,0.182826,0.677091,0.0596345,0.598494,0.0834882,0.690545,0.203641,0.656587,0.17758,0.571582,0.130161,0.467643,0.165421,0.34382,0.172212,0.240742,0.205612,0.440045,0.24086,1
1,0,0.61538,0.496188,0.790842,0.442208,0.826308,0.300499,0.737857,0.27031,0.870863,0.355643,0.860897,0.362421,0.859965,0.486571,0.838484,0.400058,0.7891,0.554325,0.824363,0.522578,0.813437,0.526404,0.799757,0.429871,0.758165,0.522892,0.724925,0.602969,0.652496,0.531881,0.742625,0.534562,1
1,0,-0.5418,0.470946,-0.280687,0.848796,0.629779,0.181376,0.488737,0.293443,0.54434,0.193363,0.718834,0.388733,0.77914,0.370746,0.569817,0.69817,0.635248,0.485619,0.742341,0.520243,0.154123,0.167697,1,0.817287,0.655701,0.267256,0.294785,0.525249,0.272346,0.772213,0.753167,0.440631,0
1,0,1,1,0.0424483,0.432099,0.228514,0.28148,0.249368,0.338497,0.699573,-0.32442,0.190649,0.633926,0.0109334,0.610781,0.818141,1,0.449463,0.467482,0.479855,0.48346,0.803892,0.589544,-0.00508572,-0.063366,1,-0.0459102,1,1,0.25446,0.484411,0.478903,0.486714,0
1,0,1,-0.195903,1,0.860705,0.606982,0.240812,0.716741,0.338497,1,0.299234,0.707696,0.379123,0.809077,0.424256,0.994226,0.448738,0.740312,0.467482,0.754647,0.522444,0.975157,0.484416,1,0.889649,0.954165,0.476375,0.965342,-0.0686101,1,0.708156,0.705038,0.428604,1
1,0,1,0.42446,1,0.451521,1,0.241509,1,0.396472,1,0.437245,1,0.464955,1,0.524763,1,0.507375,1,0.611725,1,0.714653,1,0.700008,1,0.574829,1,0.669194,0.973076,0.725586,1,0.651936,1,0.72648,1
1,0,0.5894,0,0.860485,0.746137,0.85439,0.333824,0.674398,0.445826,0.613548,0.46891,0.734663,0.410719,0.817389,0.563359,0.855153,0.684478,0.748432,0.541539,0.819156,0.627136,0.83924,0.522511,0.758136,0.610026,0.700696,0.621835,0.670667,0.618367,0.578651,0.635602,0.69162,0.640402,1
1,0,0.68148,0.443039,0.780117,0.451731,0.731407,0.340025,0.707163,0.33523,0.879337,0.382622,0.784996,0.361602,0.810114,0.507571,0.888182,0.352646,0.855908,0.409629,0.732864,0.488564,0.79851,0.526955,0.832487,0.400049,0.78734,0.464227,0.856367,0.477567,0.710992,0.447495,0.746528,0.462635,1
1,0,-1,-0.2428,0.0424483,0.432099,0.620537,-0.282572,0.704146,0.556125,-0.149828,0.00987548,0.465789,0.32844,0.494055,0.455097,1,0.302089,0.65031,0.129237,0.984749,-0.0330792,-0.0329618,-0.0300146,1,0.151386,-0.17404,-0.0459102,-0.22465,-0.0686101,1,-0.0311776,0.478903,0.486714,0
1,0,0.64947,0.329535,0.600356,0.350435,0.127226,0.127832,0.473026,0.367623,0.644105,0.115137,0.620342,0.113561,0.511556,0.351855,0.589682,0.287046,0.533123,0.312775,0.529336,0.320621,0.51738,0.346996,0.512554,0.334737,0.41271,0.355667,0.371681,0.352802,0.219293,0.386707,0.485865,0.347095,1
1,0,0.8842,0.606803,0.685186,0.814762,0.534123,0.902274,0.267563,0.954899,0.223015,0.885928,0.143574,0.723599,0.096089,0.6664,0.0567635,0.44567,0.0678426,0.291948,0.206758,0.204922,0.342122,0.134139,0.501508,0.0973405,0.56577,0.159726,0.660582,0.233897,0.65861,0.373343,0.772208,0.501204,1
1,0,0.5,0.3786,0.412982,0.491359,0.607545,0.328342,0.601842,0.312613,0.630054,0.2113,0.709667,0.360561,0.749228,0.469314,0.668847,0.556969,0.681647,0.546204,0.699221,0.469984,0.649692,0.426776,0.735617,0.463691,0.65829,0.513171,0.62462,0.486602,0.517017,0.560631,0.712266,0.575979,1
1,0,0.17188,-0.2428,-0.915103,1,0.228514,0.28148,0.249368,0.338497,-0.149828,1,0.465789,0.32844,0.183638,0.0861546,0.899755,0.648296,0.735627,0.544031,0.479855,0.48346,-0.0329618,0.345513,0.071341,0.980062,1,1,-0.22465,0.827462,0.25446,0.484411,0.478903,0.486714,0
0,0,-1,1,1,1,0.228514,0.28148,1,-0.323005,1,-0.400776,1,-0.34312,-0.0118897,-0.0898054,0.485372,0.449206,-0.101073,-0.0650364,0.479855,0.48346,0.483519,0.484993,-0.00508572,-0.063366,1,-0.0459102,1,1,-0.49108,-0.0311776,0.478903,0.486714,0
1,0,0,0.3786,1,0.505296,0.910847,0.26711,0.249368,0.338497,1,0.0023393,1,0.45977,1,0.426038,1,0,0.449463,0.467482,1,0.462799,1,0.388856,0.497457,0.468317,1,-0.0459102,0.387675,0.465695,1,0.545137,0.951366,0.437664,0
1,0,0.85736,0.379066,0.826942,0.399865,0.826578,0.251432,0.882278,0.398277,0.920995,0.383301,0.936167,0.287314,0.890422,0.474223,0.916213,0.411774,0.909547,0.391917,0.938233,0.489633,0.951012,0.496529,0.897913,0.457992,0.896585,0.457811,0.927286,0.431377,0.805682,0.474398,0.891033,0.439563,1
1,0,0.41932,0.456163,0.377591,0.503087,0.40736,0.482342,0.222075,0.631662,0.451055,0.55311,0.363803,0.554326,0.426511,0.603976,0.499406,0.67203,0.258025,0.535255,0.37568,0.50969,0.387268,0.67227,0.427086,0.442786,0.354448,0.439842,-0.22465,-0.0686101,0.23272,0.445928,0.476162,0.454305,0
1,0,0.94631,0.487333,0.913303,0.620318,0.885018,0.640453,0.802418,0.760814,0.765521,0.816764,0.725939,0.889958,0.648161,0.949133,0.577794,0.963807,0.445604,0.963304,0.381651,0.945159,0.312962,0.909832,0.263604,0.874959,0.0692038,0.823947,-0.028271,0.746547,-0.307088,0.703475,0.0557209,0.62064,1
1,0,0.02337,0.374922,-0.0525792,0.36424,0.222628,0.196522,0.359756,0.382401,0.446852,0.255474,0.465789,0.32844,0.470923,0.370419,0.483606,0.393047,0.385739,0.438651,0.489415,0.502412,0.491364,0.489566,0.515111,0.460156,0.393961,0.525277,0.339553,0.469606,0.25446,0.484411,0.4787,0.548364,0
1,0,0.85209,0.622512,0.414811,0.866157,0.296852,0.992118,-0.0705895,0.925541,-0.0131655,0.649666,-0.0315184,0.400754,0.0594485,0.285938,0.145563,0.144826,0.34343,0.00918064,0.627805,0.0676667,0.817419,0.303556,0.888506,0.344307,0.833862,0.588659,0.619318,0.777248,0.401085,0.826324,0.420462,0.820006,1
1,0,1,0.370261,1,0.440992,1,0.279871,1,0.379934,0.987139,0.330947,0.978487,0.347969,1,0.490451,0.994241,0.46769,1,0.486541,0.998835,0.531994,0.978044,0.523016,1,0.521842,0.999935,0.522871,0.99452,0.511116,1,0.536316,1,0.538386,1
1,0,-0.67935,-0.2428,-0.915103,1,1,0.736425,0.275752,-0.323005,-0.149828,-0.400776,1,1,0.942742,-0.0898054,-0.0292566,1,0.911033,1,1,-0.0330792,-0.0329618,-0.0300146,0.402698,1,1,-0.0459102,-0.22465,-0.0686101,-0.49108,1,1,0.659234,0
1,0,0.50466,0.273584,0.726542,0.440691,0.776755,0.297704,0.760286,0.346978,0.624092,0.338792,0.834662,0.357942,0.838609,0.482658,0.830291,0.480557,0.79852,0.442656,0.815364,0.518874,0.8093,0.523005,0.919759,0.564366,0.764811,0.520471,0.621755,0.501814,0.675437,0.531051,0.763589,0.534685,1
1,0,0.96355,0.333872,1,0.350702,1,0.128342,1,0.0992055,0.957284,-0.00554006,0.970672,0.0553298,0.951389,0.202366,0.991277,0.255012,0.914871,0.115913,0.871763,0.170494,0.843181,0.154229,0.925151,0.120384,0.750969,0.112482,0.54342,0.124172,0.590803,0.109171,0.681584,0.109859,1
1,0,0.89505,0.358914,0.880545,0.463589,0.919033,0.291439,0.946487,0.356834,0.949908,0.292678,0.968263,0.317802,0.958922,0.473439,0.967388,0.449206,0.968383,0.474862,0.95056,0.487551,0.941705,0.475815,0.946263,0.48095,0.93544,0.48547,0.92725,0.466753,0.905518,0.505849,0.930866,0.498909,1
1,0,1,0.698714,0.477703,0.621397,0.275274,0.542763,0.00838456,0.821805,0.163759,0.639195,0.158212,0.32844,0.202752,0.38905,0.313831,0.182153,0.399414,0.0156507,0.732047,0.186058,0.780888,0.266506,1,0.258866,0.841276,0.54153,0.981446,0.773326,0.435194,0.6719,0.526276,0.657807,1
1,0,0.84783,0.444456,1,0.654319,1,-0.43704,0.751826,0.394222,1,0.488983,1,0.735392,1,0.648576,1,0.463923,0.771109,0.238366,1,0.811442,0.943859,0.621907,0.954937,0.291091,1,0.560414,0.618405,0.455292,1,0.600233,1,0.678729,0
1,0,1,0.79981,0.821024,0.897897,0.5604,1,0.40414,0.871278,0.172859,1,0.0430414,0.846159,-0.0118897,0.674519,0.28443,0.126253,-0.0895503,0.239447,0.099717,0.0891392,0.288956,-0.0170931,0.705339,-0.063366,0.658225,-0.0108513,0.54549,-0.0686101,0.952062,0.30281,0.99383,0.504401,1
1,0,0.1859,0.275032,0.0424483,0.432099,0.228514,0.28148,0.249368,0.338497,0.425086,0.299612,0.527426,0.200367,0.494055,0.455097,0.485372,0.449206,0.449463,0.467482,0.479855,0.48346,0.457034,0.451152,0.536922,0.51603,0.514582,0.420058,0.464216,0.517068,0.273576,0.459622,0.566588,0.587066,0
1,0,1,0.430674,1,0.53084,1,0.18586,0.986278,0.765299,1,0.635126,1,0.725419,1,0.840659,1,0.905137,1,0.973901,1,1,0.989887,1,0.957907,1,0.905484,1,0.845829,1,0.734275,1,0.75237,1,1
0,0,1,-0.2428,1,-0.135802,1,-0.43704,1,-0.323005,1,1,1,1,1,-0.0898054,1,1,1,1,1,1,1,-0.0300146,1,-0.063366,1,-0.0459102,1,0.816333,0.25446,0.484411,1,-0.0265728,0
1,0,0.74084,0.409509,0.799623,0.446541,0.834709,0.308734,0.746511,0.404304,0.814883,0.517797,0.871437,0.377786,0.871971,0.501098,0.849116,0.405952,0.799676,0.467482,0.844066,0.542113,0.835671,0.547746,0.834241,0.550435,0.7896,0.548209,0.790015,0.559407,0.699987,0.560187,0.778299,0.564292,1
1,0,1,0.371274,1,0.430151,1,0.270235,1,0.328145,1,0.279938,1,0.313753,0.99913,0.438276,0.997571,0.431371,0.996223,0.449099,1,0.463413,1,0.459041,1,0.4421,0.999072,0.448141,0.996326,0.432012,0.99297,0.450913,0.994638,0.452488,1
1,0,0.39286,0.704096,-0.712332,0.49651,0.100231,-0.267311,0.749792,0.346369,0.897338,0.583101,0.106639,0.534804,0.318002,0.108169,0.724308,0.534447,0.750948,0.499177,0.210264,0.715702,0.237411,0.23988,0.658989,0.84176,0.71806,0.680202,0.737576,0.675602,-0.154774,0.330173,0.611476,0.20011,0
1,0,0.51207,1,1,0.737686,0.777642,0.862281,0.591821,0.645613,0.615273,1,0.579304,1,0.40594,1,0.315127,0.992961,0.111533,1,0.205873,0.853814,0.0264335,0.73165,-0.00508572,0.655336,-0.17404,0.527086,-0.22465,0.376397,-0.49108,0.266699,0,0.150218,1
1,0,0.86284,0.498592,0.817299,0.665784,0.746976,0.682306,0.658905,0.801298,0.636108,0.870659,0.570585,0.903772,0.473509,0.925261,0.396645,0.866625,0.261731,0.817597,0.22915,0.773198,0.172443,0.696125,0.199781,0.605209,0.0429346,0.523159,0.0371743,0.423934,-0.154588,0.38169,0.25529,0.322698,1
1,0,0.89835,0.597066,0.687197,0.785521,0.567181,0.959425,0.222022,0.871073,0.293787,0.827242,0.331505,0.656269,0.203759,0.609931,0.141857,0.50754,0.188735,0.434503,0.0582459,0.452411,0.312063,0.23989,0.432644,0.183229,0.454999,0.2055,0.536599,0.23339,0.527223,0.329441,0.701959,0.554965,1
1,0,1,1,-0.915103,1,-0.542972,-0.310983,0.509454,0.477764,0.689851,0.348765,0.587627,0.366732,0.671581,0.643901,0.860057,0.427466,0.575024,0.750089,0.479855,0.48346,0.329479,0.401417,1,0.11386,1,-0.0459102,1,0.334464,0.516055,0.588431,0.910866,0.527238,0
1,0,1,0.324451,1,0.334062,0.896891,-0.306118,0.961095,0.742365,0.973974,0.00977742,0.938491,0.115314,0.938968,0.32741,0.902483,0.106722,0.516877,-0.0650364,0.949463,0.540554,0.805581,0.0804699,0.775811,0.0277219,0.695548,0.0242546,0.636585,-0.0134378,0.500369,0.00940949,0.409384,-0.0265728,1
1,0,0.67065,0.394309,0.680427,0.46067,0.669781,0.416282,0.315243,0.563944,0.790852,0.384576,0.797529,0.424372,0.891915,0.514906,0.785776,0.54918,0.528713,0.687007,0.760151,0.593618,0.749094,0.601513,0.742889,0.594453,0.68399,0.605786,0.653626,0.600906,0.557619,0.617392,1,0.656283,1
1,0,0.47337,0.499941,0.101941,0.327929,0.709273,0.288708,0.591371,0.30914,0.749964,0.312044,0.704448,0.51322,0.856301,0.43414,0.771613,0.517647,0.677496,0.528924,0.75432,0.49814,0.747869,0.430139,0.738321,0.455732,0.686027,0.494088,0.715575,0.600062,0.492683,0.409666,0.659281,0.485194,1
1,0,0.42,-0.000453645,0.0424483,0.432099,1,-0.43704,0.924937,1,0.672299,0.74786,0.465789,0.32844,0.494055,0.455097,0.830173,0.289475,0.911914,-0.0650364,0.479855,0.48346,0.483519,0.484993,0.602991,0.829861,1,0.592095,0.387675,0.465695,0.25446,0.484411,0.478903,0.486714,0
1,0,0.90932,0.433227,0.870999,0.528006,1,0.40074,0.663619,0.789338,0.828716,0.556787,0.552791,0.615458,0.785581,0.706221,0.748177,0.722499,0.623648,0.536533,0.676595,0.764778,0.645043,0.772501,0.622369,0.768861,0.522318,0.773064,0.465042,0.765445,0.306104,0.7683,0.542149,0.834409,1
1,0,0.08696,0.382863,0.176113,0.408707,0.309721,0.222289,0.343842,0.29763,0.559277,0.2916,0.531802,0.380687,0.568151,0.38153,0.634933,0.42274,0.554027,0.506478,0.540556,0.48346,0.541432,0.483813,0.573356,0.41357,0.462683,0.484225,0.456335,0.430238,0.326114,0.446655,0.539715,0.451476,0
1,0,0.4987,0.389897,0.455316,0.377524,0.619264,0.251618,0.62566,0.402068,0.681929,0.341453,0.764114,0.248202,0.755568,0.435285,0.75672,0.416301,0.754048,0.461949,0.732495,0.466017,0.737065,0.479642,0.795068,0.468317,0.725363,0.459892,0.651691,0.483738,0.661115,0.456286,0.786147,0.44272,1
1,0,0,0.3786,0.0424483,0.432099,0.228514,0.28148,0.249368,0.338497,0.425086,0.299612,-0.0684217,1,1,0.755731,0.485372,0.449206,0.449463,0.467482,0.479855,0.48346,0.483519,0.484993,0.497457,0.468317,1,1,0.387675,0.465695,0.25446,0.484411,0.478903,0.486714,0
1,0,0.93147,0.560558,0.807695,0.748738,0.691035,0.795912,0.446056,0.951386,0.451739,0.977223,0.341655,0.967295,0.2111,0.896567,0.108,0.792819,-0.0514972,0.660253,0,0.514659,0,0.382826,0.0793817,0.218926,0.0304487,0.113298,0.135256,0.00766196,0.153141,0,0.53105,0,1
1,0,0.99645,0.418792,1,0.42508,0.983112,0.299429,0.970815,0.353791,0.995826,0.354298,0.942962,0.39792,0.970716,0.483808,0.942408,0.510454,0.923497,0.513443,0.904465,0.544567,0.915648,0.55937,0.90617,0.539626,0.87952,0.548365,0.872085,0.547866,0.829435,0.566544,0.848575,0.548385,1
1,0,0.99701,0.513301,0.92307,0.699183,0.821802,0.729944,0.649545,0.855263,0.636505,0.917992,0.519782,0.88793,0.459514,0.941554,0.339891,0.84618,0.208841,0.795982,0.189775,0.732019,0.147807,0.667995,0.172523,0.552897,0.0217256,0.488953,-0.00955228,0.393767,-0.152716,0.366089,0.232941,0.306899,1
1,0,0.5984,0.629223,0.835387,0.889379,0.814851,0.789538,0.879974,0.265838,0.984541,0.35551,0.977691,-0.247268,0.959332,0.937031,0.976595,0.420531,0.937641,0.564054,0.992115,0.12398,0.931153,0.0433482,0.641204,0.308477,1,0.566345,0.773183,0.69372,0.908723,0.902074,0.906093,0.839968,0
0,0,1,-0.2428,1,1,1,-0.43704,1,1,1,-0.400776,1,1,1,-0.0898054,1,-0.101589,1,1,1,1,1,-0.0300146,1,-0.063366,1,-0.0459102,1,1,1,-0.0311776,1,1,0
1,0,0.60678,0.361748,0.685147,0.455201,0.636484,0.249815,0.628497,0.363165,0.830446,0.245003,0.77545,0.31478,0.763319,0.497583,0.815084,0.514552,0.762989,0.454845,0.756676,0.486963,0.852932,0.467534,0.763207,0.450293,0.749119,0.480967,0.746767,0.463884,0.694202,0.470428,0.740332,0.521514,1
1,0,0.89589,0.622723,0.675668,0.839875,0.456264,0.934069,0.213435,0.963055,0.162206,0.892175,0.050921,0.721376,0.0244422,0.592048,0.0104624,0.364852,0.0307034,0.209722,0.21494,0.0898727,0.406589,0.0287426,0.605911,0.0126487,0.725445,0.118334,0.845976,0.248468,0.874317,0.44817,0.879429,0.630054,1
1,0,1,0.371883,1,0.416749,1,0.234877,0.963482,0.327768,0.993785,0.276898,0.994225,0.386523,1,0.419755,0.974963,0.499818,0.988097,0.464601,1,0.516963,1,0.507262,0.989135,0.517173,0.991523,0.483587,1,0.448367,1,0.498348,1,0.450645,1
1,0,1,0.439317,1,0.501366,1,0.443679,0.989506,0.3996,0.970852,0.434164,0.962563,0.491548,0.945565,0.609539,0.925528,0.596384,0.91002,0.6439,0.913619,0.647193,0.869997,0.68892,0.88036,0.652588,0.814807,0.700587,0.771995,0.711641,0.67786,0.726908,0.761609,0.747992,1
1,0,1,0.483002,0.993795,0.52486,0.958463,0.521085,0.93814,0.488063,0.950603,0.559505,0.915862,0.643395,0.903926,0.723326,0.889216,0.7153,0.807813,0.770895,0.774013,0.78342,0.77061,0.818305,0.740241,0.761997,0.66726,0.838559,0.606177,0.872552,0.507355,0.829051,0.594071,0.890593,1
1,0,-0.01864,0.326036,0.0424483,0.432099,0.228514,0.28148,0.335465,0.161149,0.162563,0.0322599,0.465789,0.32844,0.323774,0.665441,0.294275,0.531924,0.800309,0.585248,0.479855,0.48346,0.483519,0.484993,0.423066,0.461267,0.53417,0.465048,0.387675,0.465695,0.378183,0.608596,0.436132,0.682096,0
1,0,0,0.3786,0.0424483,0.432099,0.228514,0.28148,-0.501265,1,0.425086,0.299612,1,0.579153,0.433342,0.389709,0.485372,0.449206,-0.101073,-0.0650364,0.479855,0.48346,1,-0.0300146,0.497457,0.468317,1,0.595583,0.387675,0.465695,0.25446,0.484411,0.478903,0.486714,0
1,0,0.88116,0.54933,0.733082,0.675621,0.703433,0.738904,0.540801,0.937171,0.481606,0.972881,0.358429,0.927472,0.313246,0.877397,0.150277,0.791855,0.0158169,0.709964,0.0540847,0.582094,0.0499695,0.443385,0.103795,0.328187,0.0164072,0.239043,0.0525375,0.140528,0.0269811,0.140513,0.378269,0.0986845,1
1,0,0.90147,0.638258,0.656536,0.862142,0.463354,0.965137,0.0958708,0.977072,0.106106,0.868264,0.0285001,0.670593,0.00335945,0.511467,0.0147132,0.27619,0.0631906,0.11889,0.311567,0.0237453,0.513811,0,0.721003,0.0315182,0.847991,0.188212,0.935185,0.365646,0.909737,0.58938,0.846563,0.768261,1
1,0,1,0.286919,1,0.460028,0.67117,0.269704,0.741587,0.34934,0.915177,0.276646,0.851121,0.32844,0.842408,0.365771,0.586609,0.367942,0.810384,0.376016,0.82946,0.500398,1,0.333024,0.653989,0.28528,0.720491,0.370754,0.588438,0.448175,0.462235,0.256201,0.735179,0.453057,0
0,0,-1,-0.2428,1,1,1,-0.43704,-0.501265,1,1,-0.400776,-0.0684217,-0.34312,0.494055,0.455097,1,1,-0.101073,-0.0650364,1,-0.0330792,1,-0.0300146,1,1,1,-0.0459102,1,-0.0686101,-0.49108,1,1,-0.0265728,0
1,0,0.88241,0.56896,0.743683,0.760437,0.49166,0.702008,0.292281,1,0.371975,0.944795,0.132426,0.811936,0.141073,0.632507,0.066351,0.676105,-0.101073,0.463355,0.0690805,0.27124,0.0863401,0.250778,0.209792,0.108873,0.227423,0.0488702,0.369434,0.0016991,0.443768,0.0609735,0.479914,0.0674304,1
1,0,1,1,0.39387,0.46707,0.328753,0.947641,0.0422981,0.957637,0.243833,0.563553,0,0.576555,0.0242499,0.406781,0.285099,0.260636,0.193178,0.0280904,0.451668,0,0.615821,0.37971,0.868294,0.224009,0.914712,0.441322,1,1,0.54276,0.48568,0.57144,0.896265,1
1,0,0.49515,0.438932,0.325998,0.465179,0.498156,0.28148,0.679345,0.322443,0.759985,0.31661,0.644723,0.361037,0.759307,0.45774,0.727695,0.390381,0.687317,0.470064,0.661651,0.513549,0.581299,0.617494,0.653587,0.388304,0.627518,0.496996,0.628441,0.55907,0.449896,0.484411,0.673684,0.476746,1
1,0,0.91176,0.323768,0.971838,0.532316,0.863856,0.344882,0.933764,0.319043,0.983092,0.176014,0.984289,0.4272,0.97024,0.471123,1,0.449206,1,0.467482,0.877615,0.544231,0.939236,0.500139,0.926096,0.483954,0.95693,0.490642,0.963983,0.402834,0.978074,0.514738,0.954018,0.516905,1
1,0,1,0.6893,1,0.574074,0.421386,1,0.375857,0.941656,0.348415,0.863102,0.283586,0.736701,0.27235,0.661376,0.260669,0.541238,0.247549,0.471092,0.342136,0.436843,0.399963,0.418227,0.458349,0.400559,0.400717,0.423484,0.394,0.428101,0.271041,0.463055,0.490623,0.476361,1
1,0,1,0.523977,0.917689,0.727481,0.830427,0.799849,0.607119,0.895628,0.583986,0.942078,0.516363,0.921078,0.382848,0.95316,0.309533,0.865149,0.166708,0.8111,0.144221,0.713909,0.100796,0.635179,0.141466,0.48741,-0.00809501,0.414588,-0.0101034,0.315112,-0.127636,0.254948,0.283847,0.213034,1
1,0,1,0.661058,1,0.741861,0.859728,0.738717,1,0.27836,1,0.299612,0.90287,0.0231823,0.816018,0.603709,1,0.0987023,1,0.322248,0.952714,0.248667,1,0.524906,1,0.419982,1,0.523415,1,0.65999,1,0.812511,0.857881,0.626702,1
1,0,0.66161,-0.2428,1,1,1,-0.202235,0.856577,0.0709461,1,-0.400776,1,-0.271767,1,0.855018,0.57589,0.840171,1,0.883038,1,0.923903,1,-0.0300146,1,0.922146,1,0.432222,0.975397,0.272009,1,0.820926,1,0.664988,0
1,0,0.95882,0.441542,1,0.421207,0.986985,0.299838,0.977286,0.276872,0.993992,0.280589,0.989209,0.307648,1,0.425983,1,0.42068,0.966087,0.475773,0.987621,0.435505,0.989097,0.457605,0.957621,0.384976,0.974623,0.440464,0.944756,0.472678,1,0.428743,0.964274,0.451358,1
1,0,0.97588,0.312719,0.948302,0.313975,0.944499,0.0777798,0.894881,0.157629,0.883672,-0.036077,0.883676,-0.0124709,0.871632,0.120331,0.783573,0.074192,0.657853,0.07533,0.668792,0.0879874,0.648266,0.0742589,0.611997,0.0342829,0.493161,0.0455546,0.415879,0.0254543,0.222685,0.0651446,0.406825,0.0710799,1
0,0,0,0.3786,0.0424483,0.432099,0.228514,0.28148,1,1,1,1,0.465789,0.32844,0.494055,0.455097,0.292386,-0.101589,-0.101073,-0.0650364,0.479855,0.48346,0.483519,0.484993,-0.00508572,-0.063366,-0.17404,-0.0459102,-0.22465,1,1,0.484411,0.478903,0.486714,0
1,0,-0.64286,-0.2428,1,0.902645,1,-0.43704,1,0.183752,1,0.973112,1,0.0754028,1,-0.0898054,1,0.52543,1,-0.0650364,1,0.465934,0.048198,1,0.767574,0.924044,1,1,1,-0.0686101,1,-0.0311776,1,-0.0265728,0
1,0,0.08333,0.250064,-0.915103,1,-0.542972,1,0.788885,0.650548,-0.047166,-0.139692,-0.0684217,-0.34312,-0.0118897,1,0.471204,0.775012,0.217616,0.243222,0.0916808,-0.0330792,-0.0329618,0.243964,-0.00508572,0.594911,1,-0.0459102,-0.22465,0.257775,-0.49108,-0.0311776,-0.0421932,0.802169,0
1,0,1,0.374797,1,0.376252,1,0.226521,1,0.268345,1,0.222058,1,0.0632475,1,0.370005,0.959468,0.273591,0.925529,0.283582,0.956792,0.255811,0.979651,0.243629,0.908909,0.253666,0.898334,0.256196,0.851719,0.261425,0.854232,0.275211,0.86636,0.255535,1
1,0,0,0.3786,0.0424483,0.432099,0.228514,0.28148,-0.38867,-0.323005,0.425086,0.299612,1,-0.34312,0.494055,0.455097,-0.0292566,-0.101589,-0.101073,-0.0650364,1,-0.0330792,0.173631,-0.0300146,1,1,-0.17404,0.372454,1,-0.0686101,0.25446,1,0.478903,0.486714,0
1,0,1,0.201949,1,0.288159,0.958517,0.0293228,1,0.136303,0.958238,-0.0439774,0.950949,0.0321543,0.877172,0.134155,0.844315,0.12964,0.77771,0.160863,0.835941,0.116846,0.76482,0.0352523,0.744779,0.0784179,0.621396,0.0793166,0.549035,0.04766,0.37825,0.107284,0.551826,0.127413,1
1,0,0.52542,0.357535,0.951309,0.480229,0.633868,0.159698,0.478371,0.327285,0.717412,0.204646,0.809858,0.521943,0.914247,0.26115,0.764491,0.458542,0.75739,0.485534,0.788415,0.641046,0.92997,0.511181,0.701882,0.54942,0.807968,0.475654,0.792434,0.447582,0.873638,0.405763,0.876349,0.434518,1
1,0,0.91667,0.559844,0.840405,0.337447,0.774981,0.46111,0.906171,0.283374,0.952092,0.328797,0.910963,0.412385,0.852431,0.455097,0.935671,0.472157,1,0.511856,0.82662,0.440417,0.87088,0.570829,0.916241,0.401857,0.904879,0.505823,1,0.577007,0.782548,0.484411,0.848012,0.508102,1
1,0,0.9408,0.452752,0.863434,0.437994,0.885234,0.292589,0.827099,0.336658,0.910653,0.376066,0.910728,0.348768,0.91237,0.474202,0.870509,0.459908,0.889997,0.480289,0.900455,0.508776,0.898041,0.512556,0.886104,0.48012,0.877066,0.509651,0.913901,0.515123,0.83496,0.520966,0.88155,0.525251,1
1,0,1,0.3786,1,0.432099,0.614257,0.64074,0.812342,0.338497,0.949413,0.384317,0.941595,0.423869,0.933833,0.543524,0.871343,0.586904,0.862366,0.733741,0.869964,0.48346,1,0.356241,0.748729,0.734159,0.847046,0.615042,0.846919,0.599271,0.773617,0.634313,0.830607,0.642203,1
1,0,1,0.319418,-0.915103,-0.135802,-0.542972,-0.43704,1,0.548498,0.892773,0.833238,-0.0684217,-0.34312,-0.0118897,1,0.72912,1,1,1,0.837918,-0.0330792,-0.0329618,-0.0300146,0.914251,0.662424,1,1,1,0.73709,-0.49108,0.316639,-0.0421932,0.860545,0
1,0,-0.205,0.557253,0.262685,0.488889,0.446459,0.50961,0.491447,0.570023,0.633693,0.0571587,0.515204,0.513119,0.44599,0.569527,0.440342,0.578642,0.261252,0.634735,0.230185,0.442137,0.637988,0.655851,0.205982,0.340713,0.601942,0.328133,0.0998824,0.564541,0.0523891,0.323403,0.689661,0.502369,0
1,0,1,0.393893,0.996859,0.459705,0.98106,0.332804,0.712846,-0.323005,0.948465,0.377684,0.938363,0.688665,0.90932,0.53213,0.88127,0.532866,1,0.68583,0.82237,0.568023,0.79412,0.570051,0.771072,0.55546,0.699839,0.560817,0.65392,0.54817,0.54039,0.560084,1,1,0
1,0,0.97513,0.383012,0.986393,0.443196,1,0.29552,0.99467,0.349075,0.975491,0.315784,0.984818,0.352294,1,0.475422,0.989033,0.460943,0.992177,0.49775,0.985218,0.508234,0.971563,0.513349,0.991964,0.487202,0.985559,0.510917,0.968459,0.509353,0.99338,0.516465,0.994445,0.53777,1
1,0,1,0.773487,1,1,0.823507,1,-0.000840709,1,-0.149828,1,0.465789,1,-0.0118897,1,-0.0292566,0.449206,-0.101073,0.112468,-0.0402904,0.0054753,-0.0329618,0.313325,0.329945,-0.063366,0.525893,-0.0459102,1,-0.0686101,0.25446,-0.0311776,1,0.144521,1
1,0,0.87772,0.327944,0.841276,0.473766,0.882603,0.310767,0.828661,0.324116,0.86877,0.259641,0.905642,0.257268,0.837769,0.452138,0.938466,0.333958,0.908743,0.484847,0.929328,0.452582,0.985967,0.340847,0.92489,0.368626,0.904345,0.423646,0.913478,0.448271,0.839955,0.428367,0.890966,0.483926,1
1,0,0.62335,0.356913,0.608218,0.43483,0.694561,0.227871,0.723595,0.344868,0.784148,0.247356,0.82386,0.376927,0.812477,0.409195,0.832792,0.499581,0.819138,0.467482,0.786558,0.535672,0.742069,0.501107,0.828859,0.543173,0.76791,0.487603,0.702312,0.489482,0.714704,0.479446,0.798711,0.439768,1
1,0,0.39394,0.22796,0.642402,0.439311,0.579193,0.346801,0.72704,0.398635,0.547037,0.151046,0.773366,0.430195,0.693367,0.455097,0.774366,0.474327,0.733072,0.483617,0.889667,0.577378,0.640028,0.406959,0.741321,0.49984,0.685134,0.509165,0.591781,0.449506,0.566513,0.51746,0.684184,0.611144,1
1,0,0.88103,0.373275,0.902502,0.4181,0.954521,0.268389,0.918744,0.254123,0.897711,0.223046,0.940452,0.336358,0.953362,0.380342,0.933808,0.415558,0.949252,0.454925,0.937562,0.408164,0.911429,0.420962,0.950444,0.364602,0.930996,0.399109,0.904183,0.396973,0.913696,0.388811,0.956994,0.400343,1
0,0,1,-0.2428,1,1,1,1,1,1,1,1,1,-0.34312,1,-0.0898054,1,1,1,-0.0650364,1,1,1,1,1,-0.063366,1,1,1,-0.0686101,1,1,1,-0.0265728,0
1,0,0.6351,0.351333,0.775263,0.448954,0.702453,0.540349,0.739966,0.335441,0.794198,0.357842,0.890198,0.0368619,0.860951,0.754603,0.792008,0.525529,0.799109,0.584316,0.808998,0.352239,0.849967,0.564093,0.822426,0.591109,0.816703,0.569629,0.765253,0.506414,0.748872,0.586709,0.838736,0.675197,1
0,0,-1,-0.2428,0.0424483,0.432099,-0.542972,1,1,0.090434,0.425086,0.299612,0.465789,0.32844,0.494055,0.455097,1,-0.101589,-0.101073,-0.0650364,1,-0.0330792,0.483519,0.484993,1,-0.063366,-0.17404,1,-0.22465,-0.0686101,0.25446,0.484411,-0.0421932,1,0
1,0,0.38521,0.475315,0.43739,0.474084,0.432642,0.454823,0.42461,0.426014,0.536935,0.476754,0.596746,0.576682,0.539332,0.580191,0.465347,0.652807,0.47731,0.600095,0.609387,0.533709,0.523712,0.639294,0.484924,0.619751,0.377618,0.614352,0.297137,0.544697,0.184834,0.644904,0.379551,0.634509,0
1,0,0.50932,-0.205491,1,0.583774,0.201358,-0.43704,1,-0.323005,0.676237,-0.400776,0.465789,0.32844,-0.0118897,0.268386,0.291455,0.469161,1,-0.0650364,0.479855,0.48346,0.483519,0.484993,0.415779,0.95872,0.646332,0.615633,0.387675,0.465695,1,0.603966,0.478903,0.486714,0
1,0,0.97032,0.289218,0.916923,0.430804,0.973577,0.158448,0.989716,0.459321,0.952748,0.301209,0.965848,0.271713,0.956104,0.453855,0.931853,0.401419,0.98366,0.354412,1,0.53653,0.958728,0.45795,0.962138,0.504732,0.965031,0.428661,0.981826,0.358348,0.891062,0.439679,0.982152,0.374211,1
1,0,1,0.38922,0.963757,0.414255,1,0.256792,1,0.304953,0.9944,0.24994,0.995582,0.267986,1,0.3694,1,0.370679,0.990696,0.404575,1,0.387802,1,0.38574,0.994829,0.350905,0.979396,0.371183,0.966928,0.374206,0.973429,0.368089,0.932315,0.367138,1
1,0,1,0.355422,1,0.390171,0.996922,0.202163,0.998784,0.272804,0.993912,0.20286,0.982232,0.182745,0.97616,0.318332,0.954898,0.259733,0.948145,0.296266,0.947939,0.304268,0.937371,0.291128,0.930714,0.239746,0.901216,0.251536,0.88631,0.238118,0.835377,0.237047,0.870325,0.22929,1
1,0,0.68198,0.271011,0.83082,0.556515,0.588358,0.5176,0.442993,0.72418,1,0.193195,0.471452,0.627439,0.499418,0.666896,0.581509,0.675957,0.507639,0.661068,0.502351,0.642271,0.48309,0.613415,0.483074,0.57149,0.387656,0.552774,0.358412,0.52099,0.220277,0.520832,0.457992,0.510253,0
1,0,0.65845,0.649636,0.470292,0.856912,0.269549,0.892984,0.00896255,0.881849,0.0326896,0.666671,0.0159248,0.376195,0.0750772,0.298585,0.243332,0.0541486,0.423263,0.00950547,0.601007,0.089258,0.776173,0.21653,0.870846,0.369185,0.851824,0.601053,0.664354,0.781314,0.407661,0.880198,0.382329,0.868373,1
1,0,1,0.261597,0.933307,0.226769,0.144669,-0.391033,1,0.308406,0.717568,-0.174852,0.649729,-0.139685,0.232558,-0.0762646,0.513671,0.106408,0.631741,-0.0650364,0.41145,0.249468,0.390263,0.30096,0.39528,0.327054,0.292829,0.380816,0.271088,0.403753,0.130507,0.451991,0.407315,0.474153,0
1,0,0.93537,0.46339,0.939827,0.576113,0.889716,0.560115,0.84266,0.650244,0.841048,0.719439,0.814415,0.83211,0.751227,0.856069,0.699606,0.904944,0.590065,0.925192,0.551177,0.925696,0.48607,0.942675,0.460465,0.892494,0.289735,0.884971,0.184573,0.847477,-0.0328112,0.81626,0.231805,0.773307,1
1,0,0.72414,0.371864,0.805655,0.438255,0.845703,0.282896,0.84248,0.345668,0.875957,0.292713,0.911054,0.350272,0.924731,0.464224,0.897584,0.444865,0.885009,0.451741,0.874962,0.500764,0.869733,0.513406,0.862359,0.460459,0.871096,0.480245,0.841341,0.438846,0.87293,0.499652,0.890648,0.490758,1
1,0,0.68317,0.412,0.854481,0.433246,0.879193,0.283643,0.882151,0.403993,0.860945,0.328342,0.903265,0.332369,0.902545,0.458764,0.900275,0.380648,0.878524,0.448652,0.877064,0.488156,0.868995,0.490029,0.897642,0.445758,0.828731,0.482776,0.768755,0.527664,0.751169,0.490547,0.814526,0.493012,1
1,0,1,0.277213,1,0.374349,0.999992,0.172287,1,0.21098,0.965821,0.0534186,0.977216,0.128416,0.968222,0.267585,0.971623,0.2944,0.945701,0.236459,0.927403,0.239096,0.912131,0.221206,0.919995,0.217698,0.86043,0.171796,0.790113,0.0981251,0.76675,0.151666,0.816194,0.141652,1
1,0,1,-0.2428,1,1,1,1,1,0.00774619,1,1,1,1,1,1,0.485372,0.449206,1,1,1,1,1,-0.0300146,1,1,1,0.803892,1,0.0649662,-0.304695,1,1,1,0
1,0,1,0.435092,0.956479,0.380471,0.824664,0.28148,1,0.338497,0.97387,0.299612,1,0.358962,0.954005,0.430331,1,0.449206,1,0.467482,0.929073,0.530419,0.882619,0.531812,0.954314,0.492482,0.950344,0.492195,0.97217,0.514269,0.898338,0.437539,0.928943,0.510042,1
1,0,1,0.36368,0.943887,0.469189,0.939099,0.114388,0.828495,0.230018,0.728629,0.157608,0.767132,0.323658,0.668075,0.305483,0.757816,0.329243,0.697794,0.372624,0.51097,0.299701,0.495445,0.212662,0.513971,0.121883,0.490995,0.198801,0.402561,0.133373,0.211912,0.177259,0.454891,0.1495,1
1,0,0.35346,0.293046,0.706865,0.418339,0.754629,0.2558,0.667597,0.29802,0.78059,0.226302,0.797529,0.284607,0.794389,0.415379,0.70291,0.303746,0.769947,0.494065,0.738554,0.438155,0.722345,0.438699,0.723642,0.465318,0.642775,0.42978,0.605589,0.410629,0.494763,0.43988,0.629724,0.444111,1
1,0,0.68729,1,0.923137,0,0.859381,0.312721,0.820501,0.409291,0.924048,0.81612,0.840095,0.450845,0.878168,0.529814,0.966436,0.311045,0.838891,0.567217,0.817341,0.610436,0.794446,0.883737,1,0.182027,0.936966,0.593225,0.822854,0.753397,1,0.450784,0.773438,0.609456,0
1,0,1,1,0.0424483,0.432099,1,-0.43704,-0.501265,-0.323005,1,1,1,-0.34312,0.494055,0.455097,1,-0.101589,1,1,0.479855,0.48346,1,-0.0300146,-0.00508572,-0.063366,1,1,-0.22465,1,-0.49108,1,0.478903,0.486714,0
1,0,0.97467,0.459892,0.943696,0.545884,0.913462,0.513188,0.917498,0.554882,0.916925,0.616306,0.852013,0.679558,0.847943,0.775609,0.786676,0.817649,0.718505,0.842364,0.709993,0.835529,0.66578,0.874452,0.632299,0.873513,0.511676,0.887779,0.433581,0.895485,0.232377,0.885034,0.425288,0.867788,1
1,0,0.4375,0.404494,0.601017,0.372941,0.533891,0.28148,0.499576,0.297154,0.700567,0.299612,0.621602,0.398396,0.76811,0.466448,0.710522,0.32298,0.644447,0.345445,0.653235,0.526504,0.612639,0.581557,0.696379,0.368626,0.671339,0.424415,0.642813,0.421171,0.689356,0.32329,0.652601,0.454633,1
1,0,0.03852,0.394558,0.0465466,0.432099,0.243921,0.267131,0.265431,0.305469,0.397202,0.290619,0.473412,0.313115,0.494055,0.437219,0.461143,0.433492,0.440038,0.486471,0.490986,0.485671,0.510046,0.47324,0.523268,0.478174,0.436426,0.48525,0.399903,0.469505,0.235315,0.474852,0.471467,0.496964,0
0,0,1,1,1,-0.135802,1,1,1,1,1,1,1,-0.34312,1,1,1,-0.101589,1,-0.0650364,1,1,1,1,1,-0.063366,1,1,1,1,1,1,1,1,0
0,0,1,1,1,-0.135802,1,1,1,1,1,1,1,1,1,1,1,-0.101589,-0.101073,1,-0.0402904,1,-0.0329618,1,1,-0.063366,1,1,-0.22465,1,-0.49108,-0.0311776,-0.0421932,1,0
1,0,0.95659,0.429201,0.975937,0.399916,0.978128,0.220521,0.970703,0.295096,0.969627,0.30857,0.975619,0.215651,0.97274,0.348858,0.998096,0.271475,0.946835,0.276297,0.955413,0.342362,0.949075,0.331484,0.999492,0.251672,0.92512,0.296176,0.951375,0.302096,0.880348,0.283017,0.907068,0.275378,1
1,0,0.89563,0.614216,0.686986,0.826438,0.505601,0.918779,0.217894,0.955977,0.201588,0.890837,0.106404,0.745331,0.0757399,0.620508,0.0420194,0.419656,0.0444668,0.284961,0.210534,0.160918,0.362518,0.104634,0.532188,0.0756372,0.609814,0.151265,0.708619,0.240827,0.710857,0.394993,0.791942,0.531164,1
1,0,0.32834,0.39426,0.188341,0.552937,0.343612,0.813206,0.05641,0.949223,0.365801,0.435347,0.13804,0.501608,0.0181988,0.425623,0.417868,0.370282,0.282568,0.229899,0.420511,0.041318,0.497299,0.367643,0.637878,0.434848,0.611023,0.414939,0.557026,0.404736,0.366873,0.552964,0.542462,0.591773,1
0,0,1,1,1,-0.135802,1,-0.43704,1,1,0.425086,0.299612,1,-0.34312,0.494055,0.455097,0.485372,0.449206,0.449463,0.467482,-0.0402904,1,1,1,0.497457,0.468317,1,1,0.387675,0.465695,-0.49108,-0.0311776,0.478903,0.486714,0
1,0,0.9449,0.0721818,1,0.411132,0.991498,-0.344006,0.92556,0.781321,1,0.228845,1,0.244542,1,0.373269,1,0.35182,1,0.358363,1,0.362322,1,0.34815,1,0.309599,1,0.30288,1,0.268371,1,0.27436,1,0.257074,1
1,0,0.59887,0.469878,0.71147,0.352956,0.885218,0.181347,0.857222,0.354691,0.715251,0.319398,0.825954,0.298085,0.902813,0.380184,0.749952,0.31436,0.898393,0.391262,0.845231,0.481513,0.655678,0.517,0.779489,0.292091,0.773669,0.388995,0.71056,0.454624,0.656015,0.323228,0.830227,0.373616,1
1,0,-1,-0.2428,-0.442973,1,1,-0.43704,1,0.694512,0.425086,0.299612,0.593775,-0.34312,1,1,0.485372,0.449206,1,1,1,1,0.483519,0.484993,0.137998,1,0.608651,-0.0459102,1,-0.0686101,0.774787,-0.0311776,0.726784,1,0
1,0,0.95559,0.377637,0.869974,0.356886,0.961287,0.278168,0.870959,0,0.956542,0.372228,1,0.232763,0.996276,0.441246,0.978658,0.363734,0.911986,0.796253,1,0.399156,0.935399,0.441243,0.928342,0.45947,0.906852,0.467794,0.892396,0.455719,0.855619,0.474321,0.889324,0.476248,1
1,0,0.83479,0.558763,0.70561,0.702999,0.608347,0.772811,0.414439,0.912424,0.378541,0.895019,0.275834,0.850115,0.227245,0.773457,0.123331,0.621555,0.0320412,0.488458,0.109381,0.404342,0.182333,0.283275,0.310516,0.18677,0.31348,0.158759,0.439263,0.137161,0.442068,0.234516,0.690422,0.305323,1
1,0,1,0.528215,0.998229,0.434194,0.847585,0.0649686,0.924329,0.183137,0.831222,0.13098,0.860331,0.123352,0.855765,0.258507,0.728245,0.11218,0.672282,0.174283,0.797357,0.280316,0.758163,0.316683,0.617896,0.191087,0.584437,0.223987,0.465912,0.256552,0.371189,0.219765,0.57454,0.247507,1
1,0,0.79378,0.561863,0.655894,0.729179,0.547284,0.771209,0.355785,0.89117,0.328322,0.851322,0.236554,0.814166,0.204832,0.681074,0.0971567,0.541491,0.0642146,0.414997,0.179757,0.362058,0.273637,0.287812,0.409829,0.188971,0.42192,0.222329,0.504201,0.262344,0.485637,0.3648,0.659057,0.445466,1
0,0,1,-0.2428,1,1,1,1,1,1,1,1,1,-0.34312,1,1,1,1,1,-0.0650364,1,-0.0330792,1,-0.0300146,1,-0.063366,1,1,1,-0.0686101,1,1,1,1,0
1,0,0.7983,0.437117,0.790574,0.549405,0.781114,0.483154,0.769706,0.611381,0.804052,0.65066,0.775087,0.736842,0.743031,0.773566,0.657021,0.82298,0.612351,0.805886,0.529784,0.835244,0.49419,0.857013,0.453495,0.80425,0.342978,0.794458,0.276073,0.764986,0.0642282,0.750976,0.336441,0.704691,1
1,0,1,0.451708,1,0.56572,1,0.577338,1,0.377407,1,0.464406,1,0.407449,1,0.711523,1,0.416808,1,0.404831,1,0.665768,1,0.697052,1,0.405764,1,0.582813,1,0.497123,1,0.666383,1,0.607485,1
0,0,0,0.3786,0.0424483,0.432099,0.228514,0.28148,0.249368,0.338497,0.425086,0.299612,1,1,1,1,1,-0.101589,0.449463,0.467482,1,1,1,-0.0300146,1,1,1,0.477045,1,1,1,-0.0311776,0.478903,0.486714,0
1,0,0.98182,0.3786,0.891098,0.44988,0.893913,0.314331,0.849873,0.338497,0.8223,0.331445,0.889648,0.385093,0.88423,0.507293,0.808183,0.58941,0.82483,0.535255,0.847462,0.548586,0.837846,0.554483,0.872078,0.589153,0.792083,0.555948,0.799604,0.480265,0.707115,0.569303,0.785517,0.574368,1
1,0,-0.65625,0.475694,0.102295,0.432099,0.228514,0.326388,0.718513,0.379841,0.532882,0.299612,0.449095,0.391399,0.525677,0.455097,0.565782,0.363144,0.690323,0.267787,0.479855,0.435035,0.483519,0.484993,0.513162,0.219091,0.431325,0.477045,-0.0524334,0.482392,0.231162,0.484411,0.478903,0.534834,0
1,0,0.94331,0.502625,0.962962,0.66382,0.849668,0.68794,0.674879,0.80704,0.665607,0.882545,0.545595,0.929412,0.520197,0.965573,0.358042,0.911537,0.213773,0.869821,0.218477,0.806623,0.145147,0.744701,0.151451,0.632671,-0.0395945,0.558725,-0.0740545,0.442191,-0.306178,0.392013,0.130123,0.310312,1
1,0,0.85271,0.412317,1,0.477923,1,1,0.935994,0.333371,0.90641,0.326759,1,0.510789,1,1,0.904253,0.474823,0.948789,0.529403,1,0.745191,1,-0.0300146,0.902607,0.488925,1,0.851549,0.905065,0.502973,1,0.934608,1,1,0
1,0,1,0.521883,1,-0.0137546,1,0.206747,1,0.440461,1,0.49446,0.989957,0.282364,1,0.491115,0.978396,0.344808,0.909624,0.384233,0.986476,0.502717,0.998058,0.53259,1,0.461655,0.977916,0.453005,0.945901,0.486453,1,0.413662,0.981881,0.426572,1
1,0,0,0.3786,0.0424483,0.432099,0.228514,0.28148,0.249368,0.338497,1,0.0661516,0.554826,0.503328,0.494055,0.455097,0.485372,0.449206,0.449463,0.467482,0.376908,0.370467,0.397437,0.951718,-0.00508572,0.734159,0.437441,0.869261,0.247349,-0.0686101,0.161268,0.344774,0.375768,0.00550758,0
1,0,0.72727,0.34753,0.896977,0.45176,1,0.804038,0.747517,0.299409,0.702091,0.181821,0.902822,0.392634,0.781523,1,0.745027,0.569378,0.817321,0.520734,1,0.328499,0.992955,-0.0300146,0.785278,0.642321,0.747476,0.553778,0.646523,0.509412,0.61923,0.559909,1,1,0
1,0,1,0.290138,1,0.339781,1,0.111507,1,0.288792,1,0.124445,1,0.152753,1,0.335355,1,0.236566,1,0.221661,1,0.299991,1,0.177734,1,0.215007,0.993073,0.217204,1,0.0605849,1,0.0937959,1,0.0533099,1
1,0,0.21429,0.319418,0.361629,0.472664,0.375467,0.418344,0.428093,0.401499,0.657788,0.316288,0.631138,0.29646,0.650655,0.429149,0.632406,0.383634,0.632974,0.49284,0.64085,0.48346,0.594196,0.423681,0.676935,0.442998,0.542764,0.465069,0.504311,0.465695,0.38118,0.473924,0.555473,0.477079,1
1,0,0.90608,0.368304,0.982017,0.420803,0.966757,0.255283,0.893005,0.339225,0.940922,0.276394,0.941563,0.318796,0.952482,0.430413,0.955644,0.444337,0.894148,0.398638,0.941374,0.489736,0.959482,0.473045,0.955022,0.457157,0.936291,0.436464,0.895801,0.373591,0.970342,0.465041,0.934358,0.40334,1
1,0,1,0.414716,0.947574,0.474226,0.99963,0.376548,1,0.325856,0.970369,0.34887,0.977098,0.426783,0.974005,0.516257,0.953148,0.56002,0.982058,0.554096,0.998414,0.557109,0.952401,0.569505,0.958123,0.587579,0.932041,0.600311,0.929999,0.585972,0.838397,0.636902,0.914405,0.646684,1
1,0,0.87048,0.6149,0.656229,0.825155,0.470352,0.903898,0.219845,0.938745,0.182627,0.855342,0.0888446,0.674696,0.0839919,0.578981,0.0678229,0.380142,0.0779945,0.264582,0.280462,0.158758,0.416309,0.120563,0.575613,0.115168,0.639241,0.207367,0.709593,0.305954,0.673744,0.453796,0.74706,0.57215,1
0,0,-1,1,1,-0.135802,0.228514,0.28148,0.249368,0.338497,1,-0.400776,1,1,0.494055,0.455097,1,-0.101589,0.449463,0.467482,0.479855,0.48346,1,1,-0.00508572,1,1,-0.0459102,-0.22465,1,-0.49108,-0.0311776,0.478903,0.486714,0
1,0,0.6,0.399311,0.648894,0.469961,0.768554,0.329384,0.77481,0.338497,0.789196,0.299612,0.893158,0.32844,0.86508,0.455097,0.845611,0.504285,0.81649,0.520734,0.861293,0.466244,0.879489,0.484993,0.815733,0.539206,0.800014,0.530219,0.75507,0.536934,0.701784,0.570344,0.80893,0.572263,1
1,0,1,0.364563,1,0.406577,1,0.233469,1,0.280292,1,0.693041,1,0.242897,1,0.375967,1,0.627702,1,0.373551,0.997316,0.385581,0.97728,0.381574,1,-0.0223413,0.925331,0.363077,0.895415,0.346171,0.839552,0.367037,0.864473,0.368755,1
0,0,1,1,0.0424483,0.432099,0.228514,0.28148,-0.501265,-0.323005,0.425086,0.299612,0.465789,0.32844,-0.0118897,-0.0898054,-0.0292566,-0.101589,-0.101073,1,-0.0402904,1,0.483519,0.484993,0.497457,0.468317,1,-0.0459102,-0.22465,1,-0.49108,1,-0.0421932,1,0
0,0,1,1,-0.915103,-0.135802,-0.542972,-0.43704,0.249368,0.338497,0.425086,0.299612,-0.0684217,-0.34312,0.494055,0.455097,0.485372,0.449206,0.449463,0.467482,-0.0402904,1,1,1,0.497457,0.468317,1,-0.0459102,0.387675,0.465695,-0.49108,-0.0311776,-0.0421932,-0.0265728,0
1,0,0.86689,0.601993,0.73202,0.810702,0.515515,0.878204,0.314267,0.906682,0.286428,0.902793,0.189266,0.78226,0.1464,0.681363,0.0890101,0.503723,0.0674077,0.394782,0.222445,0.265445,0.315472,0.187942,0.483165,0.149552,0.503146,0.199215,0.585511,0.267532,0.598818,0.382938,0.692324,0.496055,1
1,0,1,0.449347,0.712916,0.363133,0.858,0.351011,0.783495,0.346032,0.747998,0.245122,0.834769,0.412546,0.790711,0.476812,0.758799,0.430391,0.831811,0.557413,0.857876,0.520708,0.649144,0.515285,0.765418,0.667065,0.701148,0.570921,0.480626,0.639066,0.583549,0.581842,0.771588,0.564631,1
1,0,-1,-0.2428,1,1,1,0.178193,0.249368,0.338497,-0.149828,1,1,1,0.584705,-0.0898054,-0.0292566,-0.101589,0.497635,-0.0650364,1,-0.0330792,-0.0329618,1,-0.00508572,-0.063366,1,-0.0459102,-0.22465,-0.0686101,1,1,0.478903,0.486714,0
1,0,0.88305,0.241917,1,0.638662,0.864242,0.419479,0.888051,0.377533,0.945717,0.269551,0.920899,0.49633,0.888171,0.593078,0.841525,0.768336,0.84051,0.675462,0.860476,0.625896,1,0.664581,0.7827,0.744999,0.822785,0.75544,0.883052,0.778712,0.575236,0.850082,0.751755,0.764838,1
0,0,1,-0.2428,0.0424483,0.432099,0.228514,0.28148,1,1,1,-0.400776,0.0818251,1,0.494055,0.455097,-0.0292566,1,1,1,-0.0402904,1,1,0.774684,-0.00508572,1,1,1,1,-0.0686101,1,1,1,1,0
0,0,0,0.3786,-0.915103,1,1,1,-0.501265,-0.323005,0.425086,0.299612,-0.0684217,-0.34312,-0.0118897,0.284815,-0.0292566,-0.101589,1,-0.0650364,1,-0.0330792,0.483519,0.484993,1,-0.063366,-0.17404,-0.0459102,0.387675,0.465695,1,-0.0311776,0.478903,0.486714,0
1,0,0.90547,0.634076,0.668247,0.856667,0.45935,0.970577,0.149218,0.985579,0.124774,0.882776,0.0402528,0.698376,0.00515555,0.537879,0.0067622,0.308456,0.0538315,0.151278,0.263755,0.0433428,0.471898,0.00197764,0.679971,0.0144299,0.809442,0.153027,0.914134,0.315432,0.915411,0.534939,0.872305,0.72437,1
1,0,0.83789,0.645206,0.732968,0.763668,0.580505,0.842752,0.372997,0.885772,0.350278,0.908578,0.219107,0.855594,0.193347,0.738828,0.0815429,0.595326,-0.0130642,0.488399,0.157151,0.32152,0.238645,0.233128,0.310019,0.107857,0.383312,0.149199,0.477626,0.22039,0.531003,0.28247,0.730692,0.361918,1
1,0,0.19466,0.414175,0.0826463,0.575159,0.147068,0.632592,0.111844,0.217304,0.183708,0.342385,0.223151,0.389955,0.411019,0.288717,0.432339,0.230568,0.552425,0.373988,0.656767,0.421718,0.631367,0.402432,0.606233,0.5996,0.43595,0.639642,0.364303,0.60641,0.129254,0.570999,0.321777,0.314311,1
1,0,0.28409,0.180883,0.0424483,0.432099,0.754529,-0.43704,0.479677,0.972435,0.795296,0.34471,0.651951,-0.241365,0.494055,0.455097,0.789471,0.251002,0.697623,0.0378354,0.479855,0.48346,0.483519,0.484993,0.619284,0.562972,1,0.352247,0.424788,0.206637,0.375894,0.123107,0.478903,0.486714,0
1,0,0.05866,0.373393,0.106643,0.436858,0.228514,0.273454,0.253564,0.312626,0.434721,0.246789,0.462803,0.36408,0.526562,0.436832,0.485372,0.501515,0.414092,0.507644,0.455153,0.496446,0.497944,0.482114,0.501668,0.471289,0.473649,0.472663,0.406492,0.464204,0.287778,0.484411,0.50365,0.469508,0
0,0,0,0.3786,1,1,1,1,0.249368,0.338497,0.425086,0.299612,-0.0684217,-0.34312,0.494055,0.455097,-0.0292566,-0.101589,0.449463,0.467482,0.479855,0.48346,1,1,0.497457,0.468317,1,1,0.387675,0.465695,-0.49108,1,0.478903,0.486714,0
1,0,1,0.719761,0.643264,1,0.243643,1,-0.118592,0.948118,-0.0483733,0.711608,-0.0684217,0.407449,0.00795343,0.273465,0.152376,0.0712122,0.319928,0.00805169,0.663435,-0.0330792,0.868349,0.11136,0.960586,0.353638,0.958169,0.591447,0.831911,0.769517,0.429878,0.949452,0.417596,0.949677,1
1,0,0.98166,0.384031,0.981835,0.410416,0.981214,0.240532,0.969577,0.292384,0.994274,0.268045,0.971756,0.253883,0.966451,0.385404,0.970239,0.385407,0.888142,0.365238,0.939008,0.39365,0.92902,0.388485,0.942142,0.363634,0.893239,0.366513,0.868632,0.338188,0.827862,0.365336,0.866198,0.364028,1
1,0,0.94649,0.384143,0.974022,0.430622,0.991683,0.284153,0.968481,0.349068,0.965816,0.324336,0.985112,0.360131,0.993043,0.465222,0.970548,0.488505,0.992023,0.463722,0.988401,0.509184,0.98119,0.521548,0.966199,0.511389,0.972075,0.499825,0.984527,0.470066,0.983934,0.520817,1,0.485379,1
1,0,1,1,1,0.723148,0.710693,-0.43704,1,1,0.439459,0.321499,1,1,0.494055,0.455097,1,-0.101589,1,1,1,1,0.644919,1,1,1,1,1,1,1,-0.449143,1,0.478903,0.486714,0
1,0,0.74468,0.444705,0.891854,0.437676,0.911603,0.29205,0.904174,0.329117,0.845061,0.374119,0.934062,0.347996,0.935416,0.473526,0.978103,0.492173,0.972666,0.49014,0.925084,0.50796,0.922172,0.51166,0.935845,0.528652,0.902725,0.508495,0.843661,0.446748,0.863641,0.519471,0.899814,0.523532,1
1,0,0.63816,1,0.241935,-0.135802,1,1,0.907815,0.543041,0.0405487,1,0.434159,0.723129,0.502929,0.482582,0.220158,-0.101589,0.527937,0.449967,0.649812,0.256906,-0.0329618,1,0.90412,-0.063366,1,0.444935,1,1,0.408146,-0.0311776,1,1,0
1,0,-0.26667,0.62716,-0.218992,0.50115,0.0913594,0.249549,0.295847,0.292993,0.450733,0.317647,0.461061,0.346747,0.486031,0.454193,0.484893,0.444342,0.452051,0.466667,0.480573,0.48469,0.48293,0.485518,0.49711,0.468051,0.413092,0.47682,0.387834,0.465722,0.25446,0.484489,0.478862,0.486724,0
1,0,1,0.279804,0.734892,0.589328,0.872265,-0.138049,1,0.151907,1,-0.0496225,0.892955,0.244314,0.882808,0.53486,1,0.665872,1,0.609078,0.981036,0.473693,0.961775,0.0145953,1,0.547022,1,0.416476,1,0.406232,1,0.759591,1,0.19025,1
1,0,0.83508,0.430164,0.748537,0.348583,0.879255,0.24148,0.928247,0.307923,0.939007,0.391573,0.899552,0.373589,0.895305,0.406443,1,0.437634,0.981496,0.502724,0.935528,0.489426,0.8839,0.519076,0.976772,0.445976,0.903018,0.477688,1,0.534166,0.900545,0.429171,0.950736,0.464606,1
1,0,0.74852,0.361133,0.671368,0.402693,0.850494,0.301678,0.894514,0.355134,0.789938,0.360742,0.848273,0.38109,0.863784,0.483312,0.889612,0.296024,0.812685,0.459606,0.889199,0.519375,0.662299,0.389,0.826045,0.483263,0.771115,0.442336,0.715575,0.352668,0.694508,0.411955,0.772599,0.501902,1
1,0,-1,1,-0.915103,0.51867,0.447261,1,-0.501265,1,-0.149828,-0.400776,1,1,-0.0118897,0.327176,0.631017,-0.101589,1,1,0.316519,-0.0330792,-0.0329618,-0.0300146,1,-0.063366,-0.17404,0.458334,1,-0.0686101,-0.49108,0.317788,0.55675,1,0
1,0,1,0.400529,1,0.535917,1,0.475251,1,0.504323,1,0.50117,1,0.587951,1,0.62769,1,0.811083,1,0.754222,1,0.799929,1,0.791201,0.9477,0.831595,0.938375,0.850299,0.911892,0.824475,0.80906,0.925812,0.851451,0.875975,1
0,0,0,0.3786,0.0424483,0.432099,0.228514,0.28148,0.249368,0.338497,0.425086,0.299612,0.465789,0.32844,0.494055,0.455097,0.485372,0.449206,0.449463,0.467482,0.479855,0.48346,0.483519,0.484993,0.497457,0.468317,1,0.477045,0.387675,0.465695,0.25446,0.484411,0.478903,0.486714,0
1,0,0.74916,0.39444,0.990367,0.487708,0.813725,0.374004,0.807185,0.277719,0.976095,0.316996,0.988894,0.32529,0.980319,0.51065,0.956164,0.469894,0.840488,0.481769,0.902322,0.441889,1,0.484993,0.858102,0.4619,0.895927,0.490391,0.831213,0.459962,0.928495,0.541466,0.858455,0.500829,1
1,0,0.25,0.482169,0.489309,0.583541,0.375374,0.453681,0.307662,0.470394,0.431237,0.404124,0.453144,0.396858,0.475411,0.489519,0.465991,0.468252,0.431681,0.47564,0.466986,0.485304,0.474605,0.483587,0.491944,0.465451,0.409335,0.47398,0.385875,0.462917,0.253797,0.482308,0.479034,0.48522,1
1,0,1,-0.2428,1,1,1,-0.43704,1,-0.323005,1,-0.400776,1,0.316083,1,-0.0898054,1,1,1,0.0117367,1,1,1,-0.0300146,0.497457,0.468317,1,1,1,0.0428406,1,1,1,1,0
1,0,0.91767,0.491683,0.866805,0.633948,0.790719,0.610181,0.702937,0.800656,0.714705,0.824357,0.658639,0.877742,0.573306,0.910407,0.48741,0.918538,0.359231,0.882063,0.292623,0.877027,0.260983,0.82173,0.230406,0.75482,0.0588429,0.69131,-0.00734178,0.611763,-0.235434,0.554877,0.14511,0.5144,1
1,0,0.84713,0.357491,0.869888,0.383867,0.86077,0.28148,0.802381,0.287939,0.83888,0.204443,0.866164,0.250022,0.886137,0.353288,0.887461,0.332267,0.790774,0.413213,0.891773,0.402307,0.94517,0.467498,0.924247,0.329468,0.84805,0.355134,0.793291,0.346582,0.795804,0.28956,0.821874,0.359208,1
1,0,1,0.385467,1,0.438374,1,0.29815,0.995856,0.328998,0.996826,0.298064,0.991148,0.34402,1,0.459914,0.987489,0.453463,0.988444,0.476306,0.989654,0.486885,0.9903,0.495803,0.985562,0.464792,0.988453,0.485412,0.987147,0.473961,0.989294,0.495233,0.99309,0.500891,1
0,0,0,0.3786,0.0424483,0.432099,1,-0.43704,0.249368,0.338497,-0.149828,-0.400776,0.465789,0.32844,0.494055,0.455097,1,1,-0.101073,-0.0650364,0.479855,0.48346,0.483519,0.484993,1,1,1,1,0.387675,0.465695,1,1,0.478903,0.486714,0
1,0,1,0.467373,1,0.837745,1,0.794712,1,0.243995,0.917868,0.199555,1,0.345457,1,0.455097,0.705926,0.370519,1,0.486743,1,0.33588,1,0.484993,0.641039,0.31641,1,0.502623,1,0.493383,1,0.779034,1,0.486714,1
1,0,0.44444,0.654775,0.556606,0.947543,0.0570745,1,-0.000840709,0.9265,-0.149828,0.533072,-0.0684217,0.253823,-0.0118897,0.334009,0.142284,0.020809,0.755319,-0.0650364,0.364268,0.0817062,0.885228,0.370548,0.66497,0.468317,0.953743,0.712474,0.73948,0.916397,0.420134,1,0.189403,1,1
1,0,0.96933,0.384044,1,0.436886,0.989647,0.275998,0.983996,0.319684,0.998965,0.275028,1,0.319904,1,0.441033,1,0.442734,0.991659,0.467615,1,0.469968,1,0.460561,0.979994,0.444248,0.995233,0.458883,0.981753,0.452455,1,0.464535,0.991767,0.465607,1
1,0,1,0.381291,1,0.425233,1,0.260212,1,0.2921,0.987576,0.255796,1,0.284493,0.986142,0.411957,0.961717,0.37394,0.967981,0.391188,0.997862,0.409864,0.97322,0.415132,0.947077,0.357456,0.935821,0.383389,0.912095,0.366571,0.879051,0.380773,0.915931,0.380125,1
1,0,0.95202,0.392607,0.94022,0.424875,0.950054,0.290203,0.975267,0.327027,0.982385,0.303254,0.976842,0.307863,0.976018,0.45289,0.997324,0.43456,0.998728,0.477024,0.966628,0.457783,0.968056,0.472787,0.985185,0.444652,0.977781,0.468432,0.984073,0.475889,0.965959,0.46683,0.978312,0.490866,1
1,0,1,0.43951,1,0.574648,0.987579,0.518908,0.852613,0.689226,0.856139,0.721925,0.769953,0.811574,0.773898,0.858756,0.63694,0.90192,0.56583,0.892309,0.530356,0.90786,0.474563,0.896329,0.421352,0.870248,0.278911,0.838862,0.193489,0.791343,-0.0459253,0.765521,0.255796,0.715301,1
